22
0.035
3
12
187.6189 112.9587
201.863 111.6336
216.107 102.6897
219.0883 79.17044
233.9949 67.57645
266.1268 66.91393
275.7333 78.50793
272.0894 111.3024
255.8579 142.4405
236.9762 158.3409
222.7321 160.9909
218.7571 156.6846
Passive
2
218.7571 156.6846
198.2191 136.4779
Passive
2
198.2191 136.4779
187.6189 112.9587
Motion
-1.456932 0.6566459
0.035
3
12
187.206 113.2381
203.4676 111.2743
216.999 103.1563
219.9712 79.867
233.7928 68.28303
266.3155 66.89162
275.5256 78.21779
271.7116 110.2727
256.2717 141.8822
237.2196 157.9143
222.5548 160.7989
219.0798 156.8557
Passive
2
219.0798 156.8557
196.5549 137.173
Passive
2
196.5549 137.173
187.206 113.2381
Motion
-1.874283 0.7320918
0.035
3
12
188.3626 112.1246
204.7633 109.95
217.7209 102.4274
220.8296 79.9012
233.6454 68.82645
266.9922 67.05795
275.8473 78.01553
271.7465 109.119
256.2037 141.4949
236.8659 157.468
223.0744 160.1863
219.4307 156.3394
Passive
2
219.4307 156.3394
195.6251 137.2185
Passive
2
195.6251 137.2185
188.3626 112.1246
Motion
-5.570929 1.612308
0.035
3
12
190.2328 110.3604
205.1782 109.7159
218.3304 103.1079
221.1345 80.30502
233.1548 69.03867
267.6289 67.02182
276.0922 77.6443
271.8907 107.9589
256.5339 140.2968
237.7908 155.8158
223.728 159.0795
220.1135 155.1404
Passive
2
220.1135 155.1404
196.8378 136.0336
Passive
2
196.8378 136.0336
190.2328 110.3604
Motion
-5.508005 1.417058
0.035
3
12
191.1856 109.0732
205.3018 109.9469
219.076 103.1488
221.6066 80.48737
232.229 69.55893
267.9519 67.1468
276.1143 77.35207
271.7132 106.3072
256.9081 138.907
238.2681 154.1772
224.6315 157.6916
221.0752 153.8069
Passive
2
221.0752 153.8069
196.4447 135.3628
Passive
2
196.4447 135.3628
191.1856 109.0732
Motion
-5.922088 1.184673
0.035
3
12
191.5736 108.2377
204.9431 109.84
219.3506 103.5212
222.192 80.71466
231.9471 70.11945
268.3761 67.70896
276.0319 77.38623
271.3156 105.4524
256.8722 137.9258
238.2834 152.7852
225.1644 156.2922
221.5602 152.2429
Passive
2
221.5602 152.2429
196.2443 134.1955
Passive
2
196.2443 134.1955
191.5736 108.2377
Motion
-7.800108 1.40353
0.035
3
12
192.1424 107.9789
204.314 109.3314
221.4942 102.6763
222.1615 81.56532
232.3899 70.43642
268.4786 68.15948
275.8814 77.68372
270.4997 105.0833
256.7155 137.2283
238.5354 151.1846
225.9211 155.1116
222.3823 150.9943
Passive
2
222.3823 150.9943
198.0873 133.5594
Passive
2
198.0873 133.5594
192.1424 107.9789
Motion
-5.982076 1.390231
0.035
3
12
193.6924 107.0207
204.9623 108.8509
222.852 103.0644
222.3548 81.89091
233.0831 70.40931
268.1972 68.20899
275.7565 77.72739
269.8764 105.2051
256.8532 136.2888
239.001 149.7528
226.8856 153.8348
223.3701 149.6152
Passive
2
223.3701 149.6152
199.0157 133.2381
Passive
2
199.0157 133.2381
193.6924 107.0207
Motion
-3.177573 0.6451838
0.035
3
12
194.5836 106.631
206.1693 108.7503
223.3441 103.4718
223.0923 81.32015
233.4063 70.24428
268.2803 68.22714
275.6886 77.6508
269.6923 104.4453
257.2842 135.1559
240.0173 148.0304
228.043 152.5039
224.5089 148.1052
Passive
2
224.5089 148.1052
197.1223 132.3348
Passive
2
197.1223 132.3348
194.5836 106.631
Motion
-2.914501 0.2878469
0.035
3
12
194.9667 106.4938
206.7828 108.5287
223.3913 103.3492
223.6192 80.65665
233.4001 70.01691
268.4496 68.09558
275.6454 77.39965
269.4948 103.887
257.7183 134.2163
241.0209 146.7186
229.1643 151.487
225.5693 146.9174
Passive
2
225.5693 146.9174
196.8872 131.5233
Passive
2
196.8872 131.5233
194.9667 106.4938
Motion
-1.309252 0.1004589
0.035
3
12
195.0102 106.5609
207.5419 108.2678
223.7765 102.6375
223.4983 80.02547
232.8559 69.79495
268.7061 67.9223
275.6648 77.01723
269.9462 102.6537
257.8847 133.6854
241.7075 146.1346
230.1938 150.9179
227.0548 146.3663
Passive
2
227.0548 146.3663
197.5585 131.1093
Passive
2
197.5585 131.1093
195.0102 106.5609
Motion
-0.5622536 0.05836648
0.035
3
12
195.1635 107.1183
206.595 108.7137
223.3734 101.9219
222.8051 80.07652
232.5896 69.35858
268.9705 67.61729
275.9177 76.48381
270.3683 101.7995
258.322 133.2023
242.3447 146.0534
231.1443 150.6688
228.3406 146.1506
Passive
2
228.3406 146.1506
199.9188 131.1385
Motion
0.5058932 -0.9577839
2
199.9188 131.1385
195.1635 107.1183
Passive
0.035
3
12
195.4171 107.6761
206.7697 109.1613
223.8518 101.5972
222.5148 80.00478
232.5497 69.18661
269.0021 67.11236
276.2573 76.32935
271.2169 101.456
258.9217 132.8302
243.2003 146.2944
232.5223 150.7909
229.9401 146.1964
Passive
2
229.9401 146.1964
199.3963 130.4366
Motion
0.6234382 -1.208272
2
199.3963 130.4366
195.4171 107.6761
Passive
0.035
3
12
195.2737 107.7595
207.2011 109.0005
224.037 100.8277
222.3248 79.35256
232.5672 68.88387
268.1737 66.13533
276.29 76.37645
271.7756 101.5733
259.0704 133.7264
243.7066 146.8005
233.5471 151.1762
231.2113 146.4626
Passive
2
231.2113 146.4626
199.7199 129.0434
Motion
2.026212 -3.663085
2
199.7199 129.0434
195.2737 107.7595
Passive
0.035
3
12
194.5845 107.9973
207.652 108.8163
223.1124 101.2323
221.8355 78.42901
232.4155 67.88004
267.2733 65.61715
275.8865 76.29385
272.0596 102.2647
259.3928 134.8212
243.6075 148.719
233.9036 152.5107
231.4006 148.1054
Passive
2
231.4006 148.1054
199.4653 128.2819
Motion
3.016832 -4.860067
2
199.4653 128.2819
194.5845 107.9973
Passive
0.035
3
12
193.1517 109.2657
206.1855 109.425
221.1618 101.329
220.8499 77.3914
231.6818 67.10606
266.5001 65.52262
275.424 76.51143
271.6431 104.2811
259.8011 136.2229
242.5839 151.5388
232.0302 155.1706
229.3917 151.0777
Passive
2
229.3917 151.0777
200.1151 128.2062
Motion
2.505758 -3.207487
2
200.1151 128.2062
193.1517 109.2657
Passive
0.035
3
12
192.0493 109.9954
204.833 110.3303
218.7557 102.5921
220.0904 78.05676
232.7173 66.92361
266.2611 65.62081
275.4323 76.98062
271.3415 106.8558
258.6731 137.8507
241.2174 153.0311
229.816 156.4272
227.1386 152.405
Passive
2
227.1386 152.405
199.442 128.9955
Motion
1.031107 -1.219939
2
199.442 128.9955
192.0493 109.9954
Passive
0.035
3
12
191.6686 110.2008
203.7986 110.7606
218.6991 102.1468
220.1179 78.60502
234.7837 66.88195
266.3695 65.74141
275.7429 77.32624
271.2405 108.8615
257.6223 138.7701
239.9629 153.8595
228.5316 157.1402
226.0164 153.0839
Passive
2
226.0164 153.0839
198.6808 129.461
Motion
0.6328281 -0.7322901
2
198.6808 129.461
191.6686 110.2008
Passive
0.035
3
12
191.5262 110.5913
202.6643 110.9316
219.1124 101.1708
220.4916 78.69999
235.6565 67.03093
266.5573 65.93542
275.8076 77.41489
271.5016 110.0329
256.8632 140.0812
239.6535 154.0901
227.4153 157.464
225.1029 153.65
Passive
2
225.1029 153.65
198.744 129.7515
Passive
2
198.744 129.7515
191.5262 110.5913
Motion
-0.9056288 0.3411565
0.035
3
12
191.0303 110.7198
202.0937 111.1427
219.3595 101.3013
220.5819 79.15487
235.7831 67.45935
266.4994 66.17382
275.738 77.42489
271.7381 110.3327
256.66 140.4376
239.937 154.147
227.1037 157.6799
224.76 153.8699
Passive
2
224.76 153.8699
199.6314 129.8601
Motion
0.185687 -0.1943394
2
199.6314 129.8601
191.0303 110.7198
Passive
0.035
3
12
190.999 110.502
202.9015 110.8875
219.3353 101.5939
221.1338 79.00805
235.6348 67.84833
266.5159 66.39686
275.6323 77.4323
272.0814 109.714
257.0357 140.2665
239.5722 154.6412
227.1559 157.8248
224.9215 154.1834
Passive
2
224.9215 154.1834
199.5168 130.5151
Passive
2
199.5168 130.5151
190.999 110.502
Motion
-0.006527381 0.002778153
0.035
3
12
191.0223 110.7495
202.9304 110.9842
219.274 101.6414
221.367 79.03496
235.894 67.92062
266.3759 66.36861
275.6009 77.51211
272.2768 109.7703
257.1573 140.0415
239.0702 154.9094
227.0935 157.8276
224.9732 154.1311
Passive
2
224.9732 154.1311
199.3972 130.6066
Motion
8.884587 -9.659415
2
199.3972 130.6066
191.0223 110.7495
Passive
