22
0.035
3
17
191.7247 113.5443
199.9525 110.6646
210.2373 105.3165
214.3513 100.3797
215.5854 89.27215
218.0538 80.63291
223.8133 74.87341
238.212 68.29114
258.3702 66.23418
269.8892 69.52531
275.6487 78.16455
274.4146 97.91139
267.8323 121.3608
253.0221 144.3987
233.6867 159.6203
222.9905 160.0316
217.6424 156.7405
Passive
2
217.6424 156.7405
189.6247 136.7553
Passive
2
189.6247 136.7553
191.7247 113.5443
Motion
-3.879209 -0.3509699
0.035
3
17
191.4322 113.8664
201.158 110.4344
211.3943 105.4913
215.4247 100.5921
216.8034 89.2414
219.2352 81.34621
225.6966 74.99281
238.5082 68.91695
257.9259 66.25036
269.7573 69.47166
275.4996 78.25736
274.0717 97.22919
267.2238 121.1656
253.4432 143.8405
233.8151 159.3633
222.8111 159.8114
217.4895 156.9031
Passive
2
217.4895 156.9031
189.5619 137.1346
Passive
2
189.5619 137.1346
191.4322 113.8664
Motion
-3.375232 -0.2713015
0.035
3
17
192.4911 112.6885
202.2274 109.1442
212.3819 104.4523
216.1779 99.8073
217.5422 89.13112
220.2278 81.62463
226.7599 75.19581
238.7848 69.2992
257.7443 66.348
270.2951 69.7021
275.8621 78.42785
274.2763 96.84138
266.9892 120.4651
253.2709 143.4803
233.8354 158.7723
223.2701 159.1592
217.5698 156.4146
Passive
2
217.5698 156.4146
189.5698 136.814
Passive
2
189.5698 136.814
192.4911 112.6885
Motion
-4.981184 -0.6031621
0.035
3
17
194.2959 111.0507
202.3257 108.8083
213.1639 104.667
216.9786 100.2248
218.4615 88.96032
221.1715 81.56374
227.838 74.82073
238.6523 69.33476
257.4515 66.23399
270.8418 69.81423
276.1601 78.4406
274.5623 96.0024
266.8553 119.9183
253.4025 142.4095
234.4653 157.2936
223.641 157.7937
218.0087 155.2742
Passive
2
218.0087 155.2742
189.4632 135.5281
Passive
2
189.4632 135.5281
194.2959 111.0507
Motion
-6.285714 -1.241021
0.035
3
17
195.0295 110.1033
201.7265 109.0938
213.9345 104.7183
217.8079 100.1362
219.0802 89.65695
221.7702 81.75996
227.557 75.43913
237.6591 69.87872
256.8985 66.34984
271.09 70.12619
276.2228 78.45756
274.5588 94.69415
266.4605 118.8734
253.7954 141.058
234.6857 155.6948
224.3743 156.4326
218.552 153.8546
Passive
2
218.552 153.8546
189.2901 134.218
Passive
2
189.2901 134.218
195.0295 110.1033
Motion
-6.168885 -1.468219
0.035
3
17
194.8129 109.553
201.5812 108.8753
214.2757 104.6514
218.616 99.90051
219.8585 90.95931
222.8246 81.65426
227.7467 75.8957
237.1935 70.46568
256.3947 66.87029
271.3082 70.78986
276.1512 78.81182
274.2061 94.52122
265.968 118.5506
253.589 140.2514
234.9184 154.1516
224.8743 155.0804
218.6642 152.3834
Passive
2
218.6642 152.3834
189.4961 133.1855
Passive
2
189.4961 133.1855
194.8129 109.553
Motion
-7.239773 -1.628793
0.035
3
17
195.1964 109.3326
201.7683 108.5082
216.7198 103.1356
220.8841 98.55272
221.1136 92.01935
222.9978 82.54623
228.0261 76.53004
237.5362 70.84744
255.6585 67.40031
271.1262 71.30161
275.9803 79.35236
273.8237 94.58209
265.3263 118.2048
253.5041 139.2481
235.3783 152.5708
225.2877 153.7018
218.9789 151.186
Passive
2
218.9789 151.186
190.1649 132.5262
Passive
2
190.1649 132.5262
195.1964 109.3326
Motion
-6.272493 -1.360721
0.035
3
17
196.6431 108.4724
202.6393 107.8521
218.2262 103.1906
221.8995 99.11938
221.7072 92.62032
223.2907 83.09447
228.7215 76.57693
237.8334 70.97834
254.9837 67.69363
270.9244 71.60939
275.8636 79.67737
273.5695 94.81201
265.2051 117.4736
253.5793 138.498
235.899 151.1918
226.1286 152.4502
219.5345 149.8751
Passive
2
219.5345 149.8751
190.8398 131.9085
Passive
2
190.8398 131.9085
196.6431 108.4724
Motion
-5.385928 -1.333676
0.035
3
17
197.3809 108.2484
203.0199 107.7981
219.0645 103.0206
222.5885 99.1554
222.6622 92.00786
224.232 82.61382
229.5998 76.15209
237.9306 70.95348
253.8676 67.71709
270.9378 71.80273
275.7761 79.77087
273.5451 94.11428
265.0171 116.8078
254.0794 137.2922
236.9113 149.4659
227.3373 150.9957
220.1619 148.5903
Passive
2
220.1619 148.5903
191.09 131.0703
Passive
2
191.09 131.0703
197.3809 108.2484
Motion
-3.232168 -0.8909547
0.035
3
17
197.7426 108.0763
203.7474 107.6047
219.1182 102.8827
223.0932 98.80921
223.3537 91.50102
224.9065 82.03851
230.1781 75.65915
237.8214 70.83179
252.8971 67.59262
271.0128 71.74306
275.7544 79.76717
273.568 93.33157
264.9523 116.4727
254.5566 136.3788
237.9295 148.1279
228.3207 149.7628
220.877 147.6984
Passive
2
220.877 147.6984
191.276 130.4149
Passive
2
191.276 130.4149
197.7426 108.0763
Motion
-2.167991 -0.6275921
0.035
3
17
197.8779 108.0255
204.304 107.445
219.7075 102.3765
223.5785 98.00182
223.8482 90.87841
225.0838 81.45404
229.9485 75.33188
237.4389 70.63846
252.1446 67.38881
271.1262 71.66098
275.7524 79.56727
273.6219 92.43162
265.0894 115.6626
254.8364 135.754
238.5805 147.6004
229.4545 149.1688
221.9919 147.3065
Passive
2
221.9919 147.3065
191.9637 129.9917
Motion
0.01761976 -0.03055706
2
191.9637 129.9917
197.8779 108.0255
Passive
0.035
3
17
198.2423 108.5274
204.3655 107.6461
218.7581 102.288
223.1091 97.06621
223.3143 90.24673
224.6333 81.40208
229.4821 75.03225
237.5349 70.09236
251.927 67.08669
271.257 71.37107
276.0247 79.18327
273.9254 91.80981
265.6223 115.052
255.2865 135.2445
239.4852 147.4547
230.5316 148.8378
222.6037 147.0738
Passive
2
222.6037 147.0738
193.5971 130.0158
Motion
0.2740675 -0.4660428
2
193.5971 130.0158
198.2423 108.5274
Passive
0.035
3
17
198.8186 108.9315
204.6997 108.0889
219.108 102.2131
223.4019 96.67722
223.4019 90.09493
224.6361 81.4557
229.5728 74.87341
237.8006 69.93671
252.6107 67.05696
271.1234 70.75949
276.4715 79.39874
274.5157 92.07607
265.7753 115.1899
255.9746 134.9464
240.2903 147.6636
231.9375 148.8734
223.8133 147.2785
Passive
2
223.8133 147.2785
193.4917 129.7907
Motion
0.7382184 -1.279975
2
193.4917 129.7907
198.8186 108.9315
Passive
0.035
3
17
198.636 109.0645
204.8379 108.1701
219.3444 101.6091
223.1042 96.34046
223.0289 89.18595
224.3079 80.80328
229.2468 74.45363
237.9869 69.54867
255.0543 66.65424
270.45 69.57334
276.6218 79.37965
274.998 92.32451
265.9139 114.9811
256.3867 135.4707
240.9155 148.0816
232.9507 149.1999
225.7096 147.5132
Passive
2
225.7096 147.5132
193.9077 129.4925
Motion
2.315131 -4.085608
2
193.9077 129.4925
198.636 109.0645
Passive
0.035
3
17
198.2968 109.1196
204.8513 108.0879
218.8101 101.6895
221.7629 97.20229
221.9168 88.5997
223.4899 79.6418
228.6954 73.24819
237.6854 68.65284
254.4173 65.93854
269.7276 68.84547
276.254 79.13662
275.0144 92.50602
266.4463 115.8487
256.7173 136.7528
241.0794 149.8949
233.2807 150.9344
226.4699 148.7703
Passive
2
226.4699 148.7703
193.6072 129.4175
Motion
3.377589 -5.735434
2
193.6072 129.4175
198.2968 109.1196
Passive
0.035
3
17
196.7968 110.354
203.1962 108.8505
216.6756 102.0677
220.1716 97.16147
220.3296 87.09499
221.9322 78.65005
226.8181 72.54446
237.242 67.80071
254.437 65.50883
269.0524 68.67635
275.7554 79.03023
274.7469 92.88011
266.7943 117.1744
257.0322 138.3594
239.8669 152.8237
231.611 153.7029
224.645 151.6152
Passive
2
224.645 151.6152
194.0361 129.7741
Motion
2.324532 -3.257681
2
194.0361 129.7741
196.7968 110.354
Passive
0.035
3
17
196.079 110.8366
202.925 109.329
213.378 104.4521
218.0175 98.25237
218.4525 88.01857
220.6408 79.42895
226.1386 72.7099
238.1818 67.63575
255.0897 65.55806
268.9451 68.66568
275.7123 79.14705
274.7623 93.67553
266.7372 118.2798
256.0385 139.6836
238.3127 154.4009
229.4182 155.032
222.8561 152.8125
Passive
2
222.8561 152.8125
192.9588 130.4114
Motion
1.262352 -1.68478
2
192.9588 130.4114
196.079 110.8366
Passive
0.035
3
17
195.7762 110.9085
202.3302 109.4816
212.8768 104.6195
217.6353 98.40902
218.0986 88.74492
220.3427 79.97459
226.1988 73.05171
240.1736 67.51355
255.6698 65.60601
269.2112 68.67412
276.0009 79.19357
274.9792 94.60811
266.8304 118.9453
254.9804 140.7365
237.0926 155.1304
228.4238 155.6499
222.2976 153.4073
Passive
2
222.2976 153.4073
192.0159 131.3324
Motion
0.7744714 -1.062397
2
192.0159 131.3324
195.7762 110.9085
Passive
0.035
3
17
195.586 111.1884
202.0504 109.5063
213.3992 103.5992
217.6353 97.94584
217.9659 88.98676
220.2981 80.35344
226.3596 73.35654
240.6368 67.78525
256.5158 65.79008
269.3811 68.66991
276.0176 78.88906
275.1096 95.05048
266.9413 119.4082
254.1762 142.007
236.4371 155.495
227.1823 156.0072
222.1008 153.9878
Passive
2
222.1008 153.9878
191.47 131.6712
Motion
0.06740134 -0.09251221
2
191.47 131.6712
195.586 111.1884
Passive
0.035
3
17
194.7142 111.5213
201.6399 109.6604
213.8973 103.4304
217.6583 98.43763
217.9304 88.94952
220.0995 80.74054
226.2207 73.95847
240.1357 68.33477
257.4497 66.06152
269.5181 68.85216
275.8794 78.45557
275.1378 95.05808
267.0874 119.502
253.9612 142.4682
236.3024 155.7371
226.8201 156.3425
222.5171 154.1959
Passive
2
222.5171 154.1959
191.41 131.7258
Passive
2
191.41 131.7258
194.7142 111.5213
Motion
-0.5120809 -0.08374459
0.035
3
17
194.6619 111.3452
201.8822 109.4607
213.9714 103.6033
217.6727 98.78373
218.1587 88.54907
220.4901 80.56192
226.5697 74.04783
239.6895 68.70428
258.2267 66.24395
269.7039 69.0343
275.7064 78.03693
275.187 94.8424
267.2646 118.8734
254.54 141.8513
236.2534 156.032
226.81 156.5235
223.3069 154.5285
Passive
2
223.3069 154.5285
191.1262 131.6687
Motion
0.02034448 -0.02863977
2
191.1262 131.6687
194.6619 111.3452
Passive
0.035
3
17
194.7065 111.6132
201.4357 109.7309
213.8803 103.7766
217.4853 99.08615
218.046 88.7345
220.4211 80.6407
226.8009 74.03607
239.8506 68.73854
258.8205 66.17847
269.746 68.96922
275.597 77.6748
275.2074 95.18911
267.6217 118.485
254.1884 142.197
235.7929 156.1956
226.6723 156.5894
224.0156 154.4828
Passive
2
224.0156 154.4828
190.6569 131.5799
Motion
6.106617 -8.894448
2
190.6569 131.5799
194.7065 111.6132
Passive
