25
60
0.035
150 152.9375
151.756 144.7632
153.7996 136.6589
156.8852 128.9028
160.547 121.3864
162.81 113.392
157.8814 107.9528
149.5507 107.5008
140.4993 110.1676
136.6579 115.8778
134.4015 123.9205
132.2042 131.9868
130.2744 140.1203
128.3109 148.2416
125.145 155.9327
119.3193 161.8315
112.0914 166.0322
104.7802 170.0844
98.2675 175.3039
92.40102 181.2498
87.55634 188.039
84.0111 195.5926
81.59612 203.5929
79.78654 211.7532
78.51315 220.0145
77.69974 228.3325
77.375 236.684
77.54793 245.0404
78.88751 253.2813
83.23505 260.2348
91.01238 262.7757
99.31714 262.0247
107.4321 260.0243
115.3887 257.4616
123.228 254.561
130.9286 251.3089
138.4613 247.685
145.7751 243.6374
152.8449 239.1764
159.6147 234.2782
165.752 228.6227
170.8761 222.0421
175.0109 214.7849
178.3147 207.1101
177.2234 199.0684
173.3055 192.545
180.0563 187.6784
187.3667 183.6271
194.4189 179.1587
199.5258 172.6553
201.9112 164.6835
202.7167 156.3775
201.8003 148.0834
198.9822 140.2283
194.0934 133.5062
186.868 129.5143
178.6173 128.4375
170.4291 129.7571
163.2881 134.056
156.6875 139.1875
Passive
0.035
150.6813 151.7369
152.9144 141.1537
155.7323 132.4676
158.7467 125.76
162.1098 118.9663
163.2564 111.7909
156.9562 107.9974
149.2751 108.0142
140.8703 110.0454
136.8875 115.8728
134.5904 124.2512
132.5932 131.8845
130.6099 140.0774
128.4461 148.6618
125.4314 156.0297
120.1931 161.2101
114.7511 164.5512
106.9987 169.3007
99.41691 175.6289
92.64667 182.3858
87.80378 188.9758
84.50073 195.7811
82.09123 203.2264
80.1375 211.3833
78.64875 219.8952
77.66534 228.2911
77.2505 236.6563
77.42358 244.8741
78.81287 253.0589
82.96627 260.0207
90.60778 262.7435
98.91372 262.0598
107.0009 260.0175
114.9819 257.3618
122.9301 254.2784
130.8734 250.9984
138.124 247.4574
145.3393 243.5306
152.3218 239.319
159.2505 234.5288
165.6389 228.8168
170.8561 222.3786
175.1084 214.9816
178.3571 207.56
177.6283 199.2207
173.6173 192.6196
179.6212 187.6899
186.7866 183.8693
193.7519 179.6718
199.1801 173.6941
201.8849 166.0957
202.8679 157.8974
202.2107 149.5499
199.4545 141.2663
194.7725 134.1848
187.1026 129.1791
178.8812 128.0313
171.4685 128.5633
165.0992 131.243
158.0628 136.0639
Passive
0.035
151.7512 149.7682
153.8971 138.2289
157.3739 128.9661
160.3092 123.3194
163.2197 116.9658
163.0874 110.5364
155.6707 107.9036
148.4939 108.1489
140.5479 109.8744
136.2585 116.1544
134.2956 124.8291
132.6248 132.5636
130.908 140.3795
128.9221 148.7157
126.0689 155.9099
121.016 161.1903
115.1913 164.9945
108.0052 169.8198
100.767 176.2325
93.908 183.1286
88.19188 190.7635
84.72572 197.6302
82.4972 204.2238
80.40387 212.2003
78.84123 219.8834
77.79628 228.2959
77.32655 236.6411
77.4561 244.9066
78.84915 253.1319
82.839 260.1754
90.38097 263.0514
98.68988 262.4814
106.8038 260.3984
114.6436 257.6292
122.7564 254.3435
130.5604 251.0302
137.7709 247.3699
144.9432 243.4788
151.942 239.3603
159.0417 234.5435
165.4054 228.9633
170.715 222.3699
174.7841 215.1225
177.8928 207.6806
177.551 198.8716
173.5784 192.2676
179.089 187.2517
186.1741 183.7653
192.8614 180.0632
198.5709 174.5897
201.5959 167.2788
202.8593 158.8298
202.4333 150.3187
199.8361 141.9207
195.557 134.6281
187.4981 128.724
179.1801 127.3779
172.5513 127.4303
166.7759 128.8815
159.6363 133.0811
Passive
0.035
152.9654 146.4596
154.2505 136.9165
158.3238 126.4841
161.1478 121.5992
163.7094 115.1117
162.6992 108.7139
154.2398 106.804
147.2601 108.0899
139.4207 110.343
135.0522 116.616
133.6681 124.991
132.4979 133.0431
130.8215 140.9647
129.3012 148.4158
126.6296 155.4614
121.8629 160.6159
115.2599 165.253
107.6611 170.6498
101.1179 176.6056
94.63764 183.2314
88.77747 190.7648
84.91766 197.7511
82.39999 204.7992
80.26326 212.9528
78.87256 220.5799
77.9167 228.683
77.45467 236.8526
77.55533 245.0965
78.9177 253.2843
82.80739 260.456
90.29751 263.4535
98.52206 262.9445
106.55 260.866
114.3504 257.9917
122.3196 254.6843
129.9784 251.2865
137.1318 247.6057
144.2731 243.7125
151.3419 239.5439
158.4097 234.7871
164.7151 229.3837
170.0171 222.8531
174.1098 215.6176
177.2307 208.1398
177.4723 199.5451
173.0396 192.7426
178.1777 187.2151
185.3275 183.5418
192.1163 179.8915
198.1683 174.7302
201.6042 167.2721
202.9116 159.5363
202.6757 150.9749
200.2513 142.7019
196.4838 135.3767
188.9947 129.3962
180.3642 127.6429
173.6651 127.1326
167.7639 127.9987
160.2624 131.8789
Passive
0.035
153.75 144.0625
154.2116 135.9279
157.1206 128.2481
160.2274 120.6412
162.73 112.8251
161.7452 105.6154
153.5655 105.5657
145.4685 106.9204
137.8644 109.9137
133.3067 116.5276
132.0906 124.6428
131.4655 132.8356
130.0161 140.9194
128.4242 148.9745
125.4201 156.5803
119.8498 162.5458
113.1695 167.3299
106.6281 172.2921
100.6476 177.9149
94.95553 183.8407
89.72476 190.172
85.4631 197.1811
82.36587 204.7774
80.28346 212.7172
78.86258 220.8083
77.96494 228.9741
77.54682 237.1783
77.64673 245.3911
78.97746 253.4848
82.71787 260.7086
90.14617 263.8381
98.31976 263.3077
106.2489 261.1789
113.9399 258.2941
121.4933 255.0603
128.9354 251.5768
136.2703 247.8753
143.4564 243.8909
150.5154 239.6864
157.3553 235.1366
163.6832 229.9064
168.8595 223.5494
172.8634 216.3843
176.0884 208.8322
177.1009 200.7989
172.5341 194.2074
177.0005 188.4163
184.0139 184.144
191.133 180.0493
197.5119 174.9382
201.0888 167.6083
202.6407 159.5619
202.5474 151.3648
200.4877 143.4222
197.0515 135.9781
190.8657 130.8078
182.8775 129.0252
174.6792 128.7151
166.7642 130.6068
159.5 134.4375
Passive
0.035
153.3113 144.1764
153.9113 135.8855
156.5823 128.9272
159.7717 120.9261
163.0227 111.2602
162.9019 104.9497
156.305 103.0673
148.9903 102.4229
139.6059 108.0098
133.4481 113.4305
131.1913 121.0702
130.6221 129.5926
129.7692 137.2316
128.3906 145.2362
125.8732 153.5725
121.1589 160.9917
115.3921 166.2854
109.325 170.7477
102.6398 177.0471
96.89603 182.9775
91.91069 188.8035
87.12575 195.5235
83.45515 202.9181
80.95244 210.7503
79.29384 219.0033
78.35992 226.8903
77.77805 235.3584
77.76332 243.7033
78.76903 251.8912
81.86089 259.426
88.67276 263.5757
96.81484 263.6241
104.9136 261.6494
112.6696 258.7518
120.1667 255.4138
127.5151 251.8362
135.0264 248.0044
142.2579 243.9198
149.3224 239.6451
156.095 235.1138
162.4048 229.8741
167.6967 223.4539
171.5361 216.2559
174.7619 208.8729
175.9328 200.618
171.4327 194.2015
176.8306 188.8447
183.8712 184.4557
191.0163 179.9917
197.3573 174.7593
200.7771 167.6566
202.2263 159.4238
202.0226 151.159
200.0269 143.1867
196.5965 135.8055
190.4056 130.7439
182.3892 129.1333
174.0535 128.9273
166.2071 131.0493
158.9495 134.8684
Passive
0.035
152.4375 144.75
152.9939 136.5547
156.0352 128.8542
159.354 121.2577
162.3668 113.541
164.5 105.572
156.9903 103.9008
148.7605 104.8389
140.6941 106.6999
133.4376 110.5594
130.1256 118.0092
129.3729 126.2538
129.031 134.5356
127.7727 142.7218
126.0881 150.8373
123.2128 158.585
117.7987 164.7203
111.1134 169.6201
105.108 175.3144
99.41724 181.3423
93.8903 187.5181
88.728 193.9961
84.60934 201.1685
81.75336 208.9288
80.09519 217.0457
78.92446 225.2507
78.18608 233.5053
77.95055 241.7887
78.61857 250.0362
81.0914 257.9067
87.25946 263.0819
95.42534 263.6899
103.5057 261.9142
111.2872 259.0706
118.8336 255.6413
126.2742 251.9879
133.6316 248.1695
140.8387 244.0736
147.9461 239.8083
154.8421 235.2138
161.2645 229.9888
166.5375 223.6325
170.3229 216.2646
173.5816 208.6428
174.8375 200.6291
170.283 194.0764
176.8062 189.1814
183.8469 184.8082
190.8346 180.3556
197.1741 175.0647
200.8493 167.7185
202.1737 159.5639
201.9195 151.2959
199.8728 143.2726
196.369 135.7811
190.0044 130.7638
181.8789 129.2029
173.6039 129.0097
165.6165 130.9587
158.25 134.75
Passive
0.035
151.765 144.4912
152.4359 136.228
155.4241 128.8048
158.7938 121.3263
162.0735 113.7058
164.0987 105.6051
156.6121 103.5728
147.9015 104.1609
139.2488 106.7506
131.9126 111.3909
128.7178 119.3126
128.2304 127.7933
128.0257 135.7766
126.7927 143.9497
125.1262 151.8693
122.0465 159.7619
116.9359 165.6008
110.6628 170.2348
105.2757 175.521
99.22975 182.0352
93.87263 188.2058
88.60292 194.9979
84.6636 202.0306
81.89425 209.8914
80.3838 217.7631
79.19899 225.9931
78.5483 234.1265
78.29296 242.1853
78.84973 250.1595
81.41021 257.9441
87.59347 262.9013
95.75356 263.4123
103.5782 261.6725
111.3618 258.821
119.1641 255.0575
126.6467 251.1758
133.6201 247.5074
140.4775 243.5933
147.6433 239.2022
154.6867 234.4736
160.9258 229.3674
165.8198 223.3351
169.1747 216.6265
172.4855 209.2461
174.0325 201.2233
169.3603 194.8038
176.452 189.8843
183.6059 185.4588
190.8559 180.8991
197.2303 175.4383
201.1072 167.7077
202.3696 159.6557
202.0399 151.2787
199.8749 143.3766
196.1869 135.8542
189.616 130.4551
181.6202 128.767
173.3177 128.5857
165.3569 130.3811
157.5538 134.5238
Passive
0.035
151.091 144.7045
151.8209 136.2449
154.8246 128.9766
158.1721 121.9404
161.8423 114.2769
163.6923 106.3143
156.3788 104.1341
147.0857 104.6807
138.437 107.1917
131.1489 112.3108
128.3026 120.2965
127.7533 129.2381
127.4243 136.7969
126.2228 144.7548
124.6385 152.3925
121.29 160.3497
116.3253 166.018
110.3349 170.4414
105.0391 175.7234
99.3338 181.8641
94.13312 187.9499
88.54443 195.3531
84.56187 202.7064
81.89017 210.6578
80.56491 218.3959
79.47015 226.4838
78.86395 234.5223
78.57573 242.5138
79.05897 250.2609
81.73164 257.9954
87.91643 262.7061
96.07615 263.1356
103.6204 261.4438
111.4182 258.5585
119.3312 254.4799
126.9923 250.3162
133.7165 246.8084
140.2441 243.0644
146.849 239.0198
153.7402 234.3472
160.1028 229.3233
164.7942 223.5049
168.1475 216.7055
171.4759 209.6923
173.2221 201.7255
168.8259 195.2675
176.321 190.4299
183.5817 186.0115
190.771 181.6037
197.1527 175.9685
201.3074 167.648
202.6799 159.0985
202.2615 150.605
199.9759 142.8108
196.0591 135.3132
189.2991 129.9317
181.2508 128.309
172.8186 128.2555
164.892 130.2295
156.9871 134.3875
Passive
0.035
150.2725 145.2283
151.6181 135.7946
154.6321 128.5948
157.8987 122.2282
162.4963 113.3146
163.4565 107.3038
157.5973 105.5047
150.3298 106.3091
139.5046 108.1654
132.3384 111.9333
128.4696 120.942
127.4712 130.3854
126.7389 137.3597
125.5054 145.5291
123.9672 153.0391
120.4976 160.7659
115.7217 166.0808
110.0153 170.2124
104.1867 175.8464
98.61298 181.6855
93.87742 187.377
88.16972 195.2858
84.10238 203.2201
81.56497 211.4582
80.54365 219.0956
79.67198 226.7328
79.13251 234.6417
78.77898 242.6024
79.21243 250.1706
82.1088 257.968
88.35739 262.4677
96.50082 262.8087
103.8304 261.1464
111.6473 258.123
119.6164 253.8374
127.55 249.4725
134.0934 246.1321
140.3262 242.4935
146.6604 238.4793
153.1759 233.9915
159.3572 229.2473
164.1667 223.2685
167.5105 216.6033
171.1677 210.1257
172.806 202.2879
168.4495 195.7315
176.3584 190.7999
183.7323 186.2732
190.9821 181.6678
197.284 175.9306
201.3895 167.6229
202.9117 158.3585
202.5022 149.7646
200.1643 142.1004
195.9759 134.4699
189.1815 129.3637
181.1084 127.6294
172.552 127.7976
164.6878 129.6831
156.7078 134.02
Passive
0.035
149.3221 146.2288
151.2251 135.65
154.2893 128.4489
157.7519 121.8241
162.8085 112.9594
163.6827 107.8965
158.3981 105.7599
151.6238 105.7412
139.7588 107.8625
132.7923 111.7135
128.0248 121.7065
126.6001 131.4682
125.6871 138.2469
124.4091 147.0609
122.8901 154.2086
119.3701 161.6301
114.7031 166.559
109.1073 170.5096
102.6633 176.5455
96.98003 182.2593
93.24751 187.0397
87.84169 194.8924
83.66851 203.4272
81.20723 212.1316
80.38119 219.8445
79.67073 227.22
79.22654 235.0368
78.85979 242.9777
79.27878 250.437
82.39134 258.2116
88.67458 262.4687
96.83408 262.7415
104.1961 261.0493
112.0427 257.9286
120.23 253.4905
128.3129 249.0036
134.4713 245.8125
140.3647 242.4225
146.1112 238.7943
152.4782 234.396
158.3889 229.7932
163.2204 223.8281
166.8397 217.0585
170.7591 210.2864
172.4771 202.8283
168.277 196.3001
176.4645 191.2708
183.9393 186.6293
191.334 181.7634
197.5196 176.0273
201.3823 167.9043
202.9426 158.5098
202.5792 149.3678
200.1892 141.6209
195.8483 133.8582
188.7479 128.5692
180.514 126.8691
172.0446 127.1882
164.3904 129.134
156.4071 133.4802
Passive
0.035
148.026 146.9763
150.5155 135.6288
153.5115 128.6281
156.9238 122.4388
162.4451 113.4809
163.5453 108.4859
158.6392 106.2053
151.531 105.9549
138.7319 108.1177
131.7308 112.3854
127.1225 122.4961
125.4616 132.5286
124.3422 139.3474
123.0973 148.0546
121.6336 155.1125
117.9391 162.4005
113.3256 167.0703
108.0125 170.7534
101.6432 176.6938
96.31837 182.0806
92.67113 186.8497
87.50704 194.7597
83.57091 203.29
81.22948 212.332
80.42826 220.206
79.68491 227.8374
79.24338 235.8169
78.89961 243.7404
79.28187 250.9948
82.44959 258.6067
88.80251 262.6672
96.94914 262.871
104.3909 261.1261
112.244 257.9072
120.5038 253.2765
129.0538 248.6124
134.7438 245.7255
140.4617 242.4923
146.0249 238.9295
152.5357 234.4653
158.299 229.9064
163.3169 224.0197
166.9555 217.4669
170.9467 210.634
172.5094 203.371
168.2731 196.9202
176.4742 191.5683
184.0175 186.6474
191.3869 181.7
197.48 175.9201
201.3289 167.6018
202.8345 158.4376
202.4642 149.4403
199.9709 141.5089
195.5027 133.6604
188.2589 128.2885
179.8334 126.5563
171.3621 126.9054
163.6859 128.8301
155.7497 133.1487
Passive
0.035
148.0676 147.1737
150.6612 135.6224
153.5402 128.6695
156.82 122.5816
162.4006 113.9976
163.711 108.9522
159.0328 106.273
151.6762 105.8755
138.4572 108.2245
131.7594 112.4676
127.2925 122.3252
125.5536 132.3162
124.3027 139.0255
123.0027 147.6939
121.3839 154.7927
117.3973 162.089
112.7893 166.59
107.4218 170.2976
101.2265 176.0881
95.81889 181.4229
92.169 186.3017
87.42284 193.9325
83.74145 202.3841
81.51775 211.7014
80.60344 219.6573
79.73843 227.5697
79.23044 235.8005
78.8812 243.7099
79.27511 251.0194
82.49985 258.5839
88.86875 262.5227
96.80085 262.7201
104.2713 260.9659
112.2038 257.6511
120.6507 252.9657
129.6713 248.3801
135.3054 245.8261
140.8942 243.0524
146.7166 239.6796
153.5577 235.4498
159.3765 231.1101
165.078 224.93
169.089 217.9427
173.0778 210.5532
174.1456 203.1742
169.2954 196.7206
176.7277 191.3024
184.1658 186.1371
191.5175 181.1109
197.4067 175.2773
201.004 167.0314
202.3811 157.7098
201.9176 148.8649
199.4581 141.1696
195.1638 133.6396
187.9008 128.3407
179.4513 126.6508
171.014 127.0225
163.5602 129.022
155.8306 132.9729
Passive
0.035
149.1132 147.3834
151.715 135.6431
154.4073 128.6926
157.4754 122.7222
162.7597 114.4733
164.0345 109.2718
159.4394 106.0607
151.9597 105.5749
139.3195 107.8599
133.0715 111.8561
129.0325 121.1184
127.1143 130.6456
125.699 137.2637
124.1112 146.3205
122.1755 153.7296
117.9575 160.9051
112.7438 165.6015
107.2678 169.2449
99.98738 175.6412
95.13256 180.3041
91.5785 184.9891
87.22047 192.505
83.66429 201.0184
81.15936 211.4439
80.22263 219.2651
79.27706 227.0613
78.81086 235.4145
78.58039 243.224
79.13646 250.9285
82.4465 258.5516
88.96313 262.491
96.70693 262.6895
104.3132 260.9428
112.4282 257.633
120.9717 253.0335
130.0311 248.752
135.2856 246.692
140.9953 244.0895
147.3512 240.6908
154.7551 236.2827
160.4953 231.8505
166.3416 225.2858
171.1736 217.1747
175.1458 209.1452
175.3394 201.0858
170.5419 194.5288
177.3009 189.3579
184.5977 184.4787
191.5253 180.028
197.0905 174.3329
200.4891 166.0572
201.5501 157.3603
201.0435 148.0466
198.7809 140.6638
194.6669 133.458
187.7756 128.5099
179.5386 126.8678
171.3057 127.2863
164.1333 129.4957
156.7272 132.9868
Passive
0.035
149.6259 148.367
152.4098 136.2057
154.9441 129.2855
157.8451 123.2715
162.9744 115.0104
164.3047 109.5005
159.8959 105.7955
152.2451 105.3091
140.2971 107.636
134.469 111.5174
130.7297 120.3015
128.7024 129.3357
127.1494 136.1103
125.2798 145.8827
123.1157 153.4201
118.8199 160.2439
111.9128 165.7206
106.6699 168.9966
98.59601 175.4538
94.04628 179.5674
90.77332 183.7705
86.82619 190.6368
83.18199 199.2147
80.58578 209.8009
79.46976 218.2674
78.60467 226.6156
78.15506 235.1855
78.04328 243.0829
78.86309 251.1712
82.18506 258.7288
88.83285 262.626
96.61237 262.7558
104.3295 260.9774
112.4695 257.6169
120.6151 253.2905
129.5227 249.5465
134.3427 248.0293
140.0919 245.5579
147.1132 241.9374
155.0593 237.0121
160.8865 232.2264
166.7265 225.2438
171.95 216.2873
175.8172 208.3124
175.6522 200.0446
170.8575 193.5121
177.5584 188.4294
184.8843 183.7682
191.5988 179.5674
196.9064 173.9588
200.2885 165.7215
201.381 157.8132
201.2059 149.195
198.8893 141.193
194.4979 133.6223
187.7062 128.8069
179.6531 127.2002
171.3836 127.6773
164.374 130.3035
157.4245 133.3791
Passive
0.035
149.9826 148.9405
152.6849 136.8886
155.0599 129.8481
157.7929 123.9617
162.7751 115.5235
164.3694 109.5617
160.2547 105.3683
152.3473 104.9922
140.5541 107.6982
134.9518 111.7836
131.4341 120.4155
129.3488 129.579
127.7628 136.5132
125.8682 146.4251
123.6236 153.8642
119.3617 160.3598
111.2263 166.327
106.1769 169.3343
97.91283 175.6201
93.61063 179.4241
90.46528 183.4937
86.4752 190.439
82.79361 199.0012
80.00794 209.4801
78.85846 217.5014
77.96418 225.824
77.61924 235.0374
77.58769 243.0504
78.55307 251.4008
81.84826 258.8485
88.5291 262.6752
96.49147 262.7214
104.3013 260.8707
112.3104 257.4582
119.6557 253.9338
127.9283 251.196
132.9267 249.8147
139.1169 247.1503
146.6282 243.2812
155.2107 237.6316
161.425 232.1937
167.258 225.0627
172.1131 216.4646
175.9545 208.3412
175.6496 200.1616
170.9251 193.7151
177.7534 188.5872
185.0251 184.0032
191.7524 179.7212
197.0637 173.8799
200.6652 165.2362
201.7104 157.8511
201.7094 149.491
199.3364 141.4328
194.6902 133.5989
187.8743 128.9066
179.6828 127.433
171.2413 128.1487
164.2849 131.0984
157.6297 133.9087
Passive
0.035
149.8267 149.1713
152.3898 137.2066
154.5883 130.2563
157.1831 124.4218
162.1309 115.9576
163.9558 109.5966
159.9851 105.0083
151.7473 104.8885
140.1701 108.0787
134.6182 112.4082
131.2812 120.954
129.2043 130.3021
127.6459 137.3014
125.8122 146.8906
123.5008 154.3302
119.1124 160.7311
110.5617 166.8497
105.6062 169.7864
97.59081 175.9793
93.71588 179.4646
90.46333 183.71
86.27861 191.1161
82.66583 199.7554
79.93462 210.1519
78.76685 217.8398
77.82948 225.9923
77.46302 235.1742
77.44961 243.247
78.48502 251.7215
81.78667 259.0462
88.54827 262.7513
96.62896 262.7326
104.4856 260.8404
112.3701 257.5678
119.0823 254.8675
127.1413 252.415
132.3717 250.9012
138.9454 247.9384
146.9579 243.74
155.4948 237.9874
161.7381 232.4331
167.4652 225.3727
172.3613 216.6494
176.1281 208.2226
175.7513 200.1758
171.0564 193.8696
178.0709 188.7751
185.3648 184.2316
192.0477 179.9644
197.3303 173.9203
200.7849 165.0921
201.8469 157.2512
201.7662 148.8637
199.2743 140.8514
194.7683 133.3225
187.9026 128.7139
179.6424 127.2777
170.8501 128.1669
163.7398 131.3107
157.1885 134.2585
Passive
0.035
149.5746 149.2857
152.031 137.6578
154.13 130.6543
156.6241 124.8587
161.4074 116.4805
163.3742 109.8726
159.2982 105.1212
151.0395 105.0373
139.6661 108.4782
134.1954 113.0113
131.0316 121.4593
128.9386 130.9084
127.4137 137.868
125.6534 147.0949
123.2736 154.5711
118.6375 161.0081
109.9725 167.1387
104.9566 170.1346
97.5268 176.0649
93.94277 179.3313
90.38353 184.0602
86.06989 191.8677
82.59835 200.4768
79.98727 210.5341
78.79566 218.1705
77.83488 226.4964
77.49543 235.5412
77.52708 243.5789
78.56567 251.8975
82.01374 259.2084
88.95068 262.7993
97.01566 262.7032
104.8471 260.8256
112.4831 257.9102
118.8785 255.6977
126.726 253.2369
132.5953 251.3236
139.602 247.913
147.8728 243.3722
156.2163 237.6611
162.0709 232.3021
167.4161 225.4255
172.4364 216.4401
176.1901 207.8942
175.7655 199.8616
171.2953 193.5621
178.304 188.6163
185.6496 184.1504
192.3561 179.9072
197.6579 173.8135
200.8242 165.3051
201.8881 157.1466
201.7024 148.5222
199.0924 140.2485
194.6913 133.0086
187.8554 128.4763
179.6081 126.9476
170.5003 127.9169
163.379 131.0721
156.8372 134.2652
Passive
0.035
149.5559 149.4052
151.8711 138.2977
153.9103 131.2186
156.3425 125.334
160.9861 117.0096
162.9704 110.2784
158.6709 105.478
150.7503 105.1998
139.4809 108.642
134.114 113.4449
131.1251 121.8406
129.0226 131.5308
127.4671 138.3183
125.7167 147.1918
123.2963 154.6342
118.4393 161.046
109.5297 167.2275
104.3747 170.3223
97.46179 175.9478
93.99294 179.1578
90.36549 184.118
85.93996 192.1996
82.57017 200.9341
80.17274 210.4408
79.00007 218.2276
78.06051 226.7455
77.69215 235.6947
77.686 243.7929
78.69266 251.9873
82.31169 259.3066
89.39716 262.7708
97.40481 262.6095
105.2285 260.7745
112.7326 258.2113
119.0878 256.193
126.8796 253.6004
133.1462 251.3186
140.39 247.5852
148.646 242.8674
156.8111 237.1573
162.6451 231.7462
167.8479 224.8292
172.6829 216.1363
176.3663 207.7909
175.8789 199.5466
171.5712 193.2142
178.5795 188.3476
185.9524 183.9485
192.6477 179.7387
197.8573 173.7112
200.7943 165.5143
201.9169 156.785
201.6029 148.149
198.9846 139.9291
194.6266 132.8798
187.7947 128.4032
179.5967 126.8441
170.3454 127.8384
163.281 130.9912
156.7432 134.4687
Passive
0.035
149.5055 149.5264
151.6454 139.0155
153.6676 131.7067
156.0781 125.6973
160.5701 117.4492
162.6669 110.5819
158.1201 105.6602
150.6945 105.2438
139.4483 108.7007
134.1361 113.796
131.2982 122.1362
129.1373 131.9982
127.5776 138.7891
125.8051 147.4314
123.3132 154.9133
118.2947 161.2266
109.2336 167.3596
104.0252 170.4259
97.2617 176.0163
94.00368 179.0835
90.3085 184.1631
85.89144 192.266
82.61167 201.1071
80.21854 210.5738
79.02409 218.4034
78.05731 226.9633
77.67001 235.689
77.69756 243.8386
78.7307 252.0438
82.50079 259.3818
89.7003 262.7133
97.76269 262.4884
105.5995 260.6887
113.1361 258.2341
119.6356 256.2073
127.3302 253.4991
133.7729 250.9868
141.159 247.1263
149.2606 242.4012
157.2101 236.7905
163.0389 231.3292
168.1758 224.3871
172.9216 215.9508
176.5188 207.6831
175.9212 199.3957
171.7546 193.0063
178.7001 188.1887
186.1012 183.7666
192.917 179.436
198.0926 173.3798
200.8651 165.2824
202.024 156.3093
201.5603 147.8325
198.9155 139.7076
194.551 132.7687
187.7058 128.366
179.5311 126.8129
170.1444 127.8083
163.1007 131.0333
156.5949 134.6511
Passive
0.035
149.355 149.9241
151.3871 139.7417
153.3931 132.2084
155.7585 126.1795
160.0781 118.05
162.3701 110.9723
157.6928 106.066
150.4067 105.4073
139.3107 108.8509
134.0602 114.2345
131.3545 122.4727
129.0975 132.4719
127.5271 139.4447
125.7541 147.9352
123.2005 155.4332
118.0723 161.618
109.1911 167.3988
103.985 170.3667
97.4483 175.7796
94.18859 178.8978
90.3688 184.1713
85.66839 192.7851
82.46225 201.5652
80.10832 210.8089
78.93247 218.707
77.94109 227.3196
77.60242 235.767
77.65092 243.956
78.7487 252.2059
82.67091 259.5599
89.9666 262.7517
98.12011 262.4355
106.0157 260.6105
113.6283 258.1444
120.2834 256.0584
127.9429 253.2234
134.5383 250.5776
141.9515 246.6477
149.8083 241.9855
157.5359 236.4731
163.3356 230.9494
168.3451 224.0603
172.9679 215.9481
176.571 207.6009
175.8967 199.2596
171.8633 192.8441
178.8284 188.0364
186.2561 183.6327
193.1519 179.2439
198.2997 173.1481
200.9411 165.1848
202.0848 156.1246
201.4913 147.7172
198.7577 139.5212
194.3404 132.6455
187.5303 128.3404
179.4178 126.8368
169.9142 127.8442
162.8289 131.2629
156.3171 135.0241
Passive
0.035
149.1944 150.5755
151.2295 140.5896
153.2858 132.7346
155.5972 126.7075
159.7626 118.7146
162.1447 111.448
157.3312 106.6916
149.8865 105.6949
139.2779 109.0007
134.0424 114.651
131.3797 122.857
129.0432 133.0204
127.4666 140.1589
125.7568 148.4122
123.1744 155.8942
117.9077 161.9895
109.2473 167.435
104.043 170.3021
97.78319 175.4362
94.28078 178.8824
90.29309 184.3707
85.41946 193.1856
82.23926 201.8689
79.93327 211.0025
78.78792 218.8094
77.83216 227.4885
77.57351 235.8758
77.63516 244.1525
78.77753 252.4596
82.7835 259.764
90.20126 262.8103
98.42963 262.4129
106.3991 260.5569
114.109 258.0537
121.0163 255.8158
128.6109 252.8911
135.2385 250.1536
142.5682 246.2372
150.1001 241.6383
157.5645 236.2645
163.3664 230.6612
168.409 223.7129
172.9391 215.778
176.5795 207.6503
175.8858 199.334
171.9019 192.8978
178.9626 188.0248
186.4427 183.5903
193.3725 179.1454
198.4255 173.0105
201.0083 165.037
202.0694 156.0931
201.4566 147.7661
198.6127 139.3825
194.1292 132.5338
187.3534 128.3267
179.3076 126.8728
169.7852 127.9445
162.6602 131.5873
156.1476 135.5754
Passive
0.035
149.114 151.0171
151.0275 141.6858
153.1232 133.7083
155.6121 127.2496
159.5924 119.4506
161.9719 111.9992
157.0694 107.3409
149.4327 106.2904
139.3498 109.3131
134.3343 114.96
131.6935 123.0822
129.2437 133.2189
127.6054 140.5957
125.9301 148.7249
123.2862 156.2007
117.849 162.2503
109.4142 167.379
104.0584 170.1964
98.11613 175.0607
94.18865 178.9406
90.02924 184.6511
85.11285 193.539
82.02452 202.1371
79.84792 211.1322
78.73095 218.9142
77.85703 227.6663
77.57613 236.1065
77.63484 244.4717
78.81841 252.7827
82.85786 259.9568
90.4166 262.8817
98.69366 262.4153
106.6964 260.5372
114.3843 258.0496
121.5331 255.6426
129.1534 252.6275
135.9077 249.7179
143.2895 245.7447
150.5541 241.209
157.7372 235.9862
163.4532 230.4259
168.3843 223.5936
172.9603 215.6157
176.6287 207.6185
175.9311 199.4103
171.975 193.0312
179.151 188.1216
186.6671 183.6821
193.6483 179.1645
198.6468 172.9212
201.1733 164.8989
202.2009 156.0712
201.5674 147.7586
198.6399 139.2811
194.0647 132.462
187.2092 128.3004
179.1388 126.9322
169.8195 128.0831
162.5088 132.1894
155.888 136.6253
Passive
0.035
149.2153 151.3492
150.9235 142.9565
153.1269 134.7598
155.8508 127.7264
159.6722 120.1094
161.9426 112.6101
156.9276 108.1427
148.9946 107.2353
139.558 109.9513
135.0092 115.3104
132.5755 123.538
130.1644 132.328
128.2985 140.5979
126.5077 148.7061
123.6631 156.3063
118.0895 162.3118
109.5276 167.375
103.9642 170.2602
98.2224 174.9139
93.76038 179.3828
89.48677 185.2927
84.80981 193.9025
81.96181 202.209
79.75707 211.3937
78.61924 219.5846
77.77503 228.141
77.53497 236.4775
77.64891 244.7748
78.85416 253.0839
82.98036 260.1721
90.66399 262.9738
98.95474 262.4266
107.0037 260.5026
114.7104 258.0114
122.1245 255.42
129.6639 252.2923
136.6446 249.167
144.1748 245.0283
151.2154 240.5538
158.1249 235.4245
163.8875 229.8602
168.8445 223.052
173.3181 215.4118
177.008 207.5708
176.1993 199.438
172.3062 193.1332
179.4985 188.2031
186.918 183.886
193.86 179.4435
198.8203 173.0967
201.3455 164.9016
202.3664 156.0506
201.6945 147.8568
198.8404 139.6144
194.1051 132.7646
187.0908 128.6257
178.8822 127.4106
169.9088 128.594
162.4992 132.9396
155.8743 137.5787
Passive
0.035
149.6305 151.8931
151.152 144.5696
153.293 136.3537
156.3574 128.7257
160.1418 120.831
162.2427 113.0176
157.3508 108.223
149.3922 107.6869
140.3047 110.1756
136.1956 115.5992
133.8713 123.6941
131.565 131.2408
129.525 139.7396
127.5231 148.1434
124.5119 156.0126
118.4143 162.2599
109.828 167.3007
104.0188 170.3878
98.20622 175.0593
93.06332 180.2723
88.4869 186.6272
84.35353 194.758
81.66654 202.8985
79.55057 211.8434
78.36161 219.934
77.61164 228.3603
77.4454 236.6369
77.61878 244.9865
78.89702 253.3131
83.11963 260.3232
90.88805 262.9673
99.17058 262.3398
107.3657 260.3251
115.1607 257.8145
122.7479 255.0856
130.3426 251.8643
137.7114 248.4304
145.135 244.2795
152.1609 239.7985
158.8681 234.7532
164.8508 229.1315
169.8066 222.4754
174.1675 215.1407
177.6458 207.2202
176.6316 199.0529
172.789 192.682
179.8511 187.873
187.1963 183.7114
194.1118 179.367
199.0667 173.0033
201.5625 164.7614
202.477 156.3662
201.7233 148.0713
198.9213 140.0805
194.1403 133.3043
186.9994 129.2026
178.7382 128.098
170.239 129.3977
162.7645 133.9095
156.2311 138.8166
Passive
