80
19
0
291.924 281.554
274.116 273.286
262.668 256.114
262.668 239.578
263.304 210.958
258.216 179.794
254.4 135.91
263.304 100.93
274.752 73.58201
290.304 57.09322
309.096 51.95801
328.812 62.13401
339.2263 79.30623
347.1844 106.9213
362.52 138.454
373.332 167.71
377.784 196.33
383.508 216.046
394.32 233.854
Passive
0
290.6983 280.0807
273.9197 272.1363
262.9431 255.0131
262.9608 238.9641
263.4751 209.903
258.9136 178.959
255.4307 136.1406
263.6255 100.8858
274.8321 73.67087
290.2213 57.34724
308.9254 51.87673
328.974 61.94345
338.8003 79.80783
346.9937 106.5757
362.016 138.1281
372.7439 166.8722
376.3516 195.4774
382.4223 215.3067
394.3563 232.7437
Passive
0
289.913 278.7704
273.6601 271.0768
262.8628 253.6983
262.743 237.8301
263.9519 208.9014
259.9763 178.0496
257.245 135.8975
264.0879 100.8309
274.7869 73.84985
290.2579 57.26774
308.939 51.71027
329.2621 61.78888
338.9895 79.77422
347.2592 106.1665
361.6737 137.7711
372.2904 166.0774
375.5038 194.9763
381.8463 214.8076
394.0341 231.8775
Passive
0
290.5396 277.3609
273.6873 270.424
262.9626 253.059
262.6897 237.0875
264.3731 208.1051
260.6681 177.5163
257.6248 135.9703
264.307 100.9155
274.7837 73.99274
290.3799 57.31023
309.1717 51.57125
329.4375 61.67013
339.0476 79.54499
347.7373 106.5917
361.3986 137.4675
371.8933 165.4215
375.1666 194.4351
381.8089 214.4137
394.0557 231.3525
Passive
0
291.2883 276.2064
274.1253 269.8708
263.1248 252.6548
262.6493 236.8584
264.6584 207.6174
261.6785 177.3834
258.2156 136.2191
264.6761 100.9182
274.7239 74.19511
290.296 57.25615
309.4647 51.62075
329.4693 61.74879
339.3217 79.39232
347.8374 106.398
361.0573 137.3181
371.489 164.8022
374.9782 194.3047
381.9937 214.1007
394.4995 231.4249
Passive
0
291.8757 275.8512
274.7433 269.8509
263.0985 252.9916
263.0528 237.3926
265.1682 207.7253
262.4612 177.9383
258.3759 136.566
264.7477 101.2026
274.3499 74.75936
290.2725 57.25652
309.8495 51.97178
329.2799 61.83044
339.387 79.63964
347.6839 106.1599
360.8954 137.3504
371.3257 164.6884
375.3098 194.1359
382.3162 214.1888
395.5334 231.8965
Passive
0
292.2757 275.8916
275.5379 270.541
263.7611 253.5999
264.1253 238.7034
265.6066 208.6028
263.1086 179.3381
258.1702 137.9713
264.4052 101.8772
274.0005 75.19662
290.2407 57.43936
309.5804 52.33615
329.4511 61.44906
339.3376 80.07094
347.5782 105.4431
360.737 137.2893
371.8642 165.0141
375.7797 194.5354
382.9045 214.7763
395.9272 232.8996
Passive
0
292.4449 275.9924
276.065 271.3131
264.5547 254.5207
263.8562 239.4411
265.3632 209.1267
262.9591 180.203
258.1475 138.9641
263.9836 102.935
273.8875 75.34056
290.2289 57.49134
309.0233 52.52656
329.4641 61.2817
339.4139 80.14774
347.8817 105.3335
360.3854 137.6129
371.7188 165.5037
375.5381 194.8346
383.1217 215.5965
394.0031 233.6433
Passive
0
291.7594 275.9692
276.5837 272.4185
265.2717 256.0024
263.7625 240.7463
265.3266 210.2897
262.8574 181.5621
258.1067 140.3405
263.5031 104.1213
273.2844 76.29473
289.9669 57.6494
309.0763 52.80449
329.5411 61.23756
339.2513 80.20655
347.3468 105.708
360.1415 138.2
370.8074 166.0626
374.9777 195.7513
382.3523 216.7652
394.054 234.3054
Passive
0
291.5718 277.0971
276.4191 273.6045
265.6956 257.8491
264.1902 242.725
265.5479 211.9384
262.5415 183.277
256.8061 141.2852
263.1499 104.8509
273.1656 76.57383
289.8584 57.97407
308.3504 53.072
329.7146 61.55647
339.5159 79.66508
346.445 105.5329
359.6617 139.0672
369.9221 166.8552
374.5632 196.6029
381.4869 217.835
393.5301 234.5863
Passive
0
291.4016 278.6995
276.3421 274.818
265.6894 259.2218
264.5974 244.6477
265.2736 213.7412
262.1068 184.9464
255.8816 142.3136
262.4002 106.0887
272.9587 77.03672
289.8554 58.13429
308.1063 53.10472
329.8791 61.64443
339.304 80.23232
346.5305 106.1546
359.7489 139.9236
370.2186 167.5808
374.2842 197.494
381.0717 218.74
393.554 235.3759
Passive
0
291.2724 281.119
276.563 276.4422
265.4182 260.4309
264.6564 246.508
264.2816 215.8524
261.4564 186.8689
255.6579 144.259
261.7485 107.5484
272.831 77.19307
289.7629 58.39912
307.9915 53.6525
329.9064 61.98387
339.3905 80.0946
346.5841 107.2556
360.0043 141.0153
370.5076 169.0664
374.3246 198.8937
381.1777 219.2024
393.5537 236.5279
Passive
0
290.7522 285.4556
276.8257 278.4382
264.2088 260.3929
263.5488 247.0146
263.6971 217.6228
260.3015 189.7451
255.5035 145.5537
261.0488 108.9991
272.6738 77.41388
289.9072 58.38031
308.3773 54.13503
329.9987 61.74207
339.4471 80.63118
347.4275 108.4113
360.9286 142.1204
370.6024 171.37
374.6837 201.3205
381.7064 220.0042
393.6339 238.3319
Passive
0
290.8549 291.6768
279.2628 284.7523
265.6917 264.7264
262.6391 248.8031
261.7567 222.4689
257.8071 193.6135
254.9249 148.3502
260.2147 111.012
272.5607 77.58807
289.6926 58.61952
308.6992 54.25582
329.9767 61.84375
339.1707 80.72067
348.5838 108.7211
362.0646 143.4145
370.716 174.6768
375.4441 204.1006
382.4185 222.0145
393.9146 240.932
Passive
0
295.5354 298.8185
281.4086 292.895
268.1237 271.5468
262.5057 254.6392
261.0667 226.6998
256.1004 197.4658
253.7448 152.0861
258.8285 113.7926
272.4721 77.8215
289.3858 58.95935
309.0175 53.66158
329.6857 62.43915
338.5076 80.43689
349.2141 109.3114
362.439 144.9804
371.7119 177.4586
376.2402 208.4203
383.7394 224.6247
395.3197 244.7125
Passive
0
299.7523 305.5527
284.0595 300.0194
270.7214 280.5636
263.2187 262.7947
259.7666 233.5327
254.8214 203.7398
251.1884 155.8461
257.2575 116.971
272.3442 78.17555
289.3459 58.88773
308.978 53.21531
328.9381 61.57318
338.9099 80.64922
349.4613 109.6919
363.1696 145.6947
373.333 180.5103
378.0199 211.673
385.3705 228.7195
397.0829 249.1658
Passive
0
302.0668 309.5117
285.7004 304.8007
271.7224 286.0067
265.539 270.5351
259.8126 239.5163
253.6836 207.4189
249.2197 160.338
254.9595 122.1489
272.0748 78.80231
289.2542 59.06445
308.9983 53.17738
328.8078 61.43032
339.0311 80.60562
349.6531 109.7316
364.8772 146.8549
375.5519 183.3741
377.5934 216.4573
386.1329 232.5768
397.5399 252.5247
Passive
0
305.8685 313.9876
285.7386 307.493
272.9821 288.4674
265.7487 272.0482
259.6887 242.488
253.2347 211.7912
247.4001 163.5755
253.704 125.9689
271.9727 79.13708
289.1933 59.27621
309.2539 53.59464
328.6821 61.54848
338.9465 80.79926
351.4055 109.6474
365.7617 146.475
377.5329 185.4086
378.8994 218.4564
386.1154 237.1096
397.1847 257.0341
Passive
0
307.4373 315.035
285.4413 308.523
272.1667 289.0889
265.8925 273.4004
259.4807 243.4019
252.7856 213.0775
246.6654 165.2446
252.7226 127.3365
271.7866 79.52492
289.3171 59.04213
309.1614 53.38443
328.7769 62.04542
339.1741 81.01479
352.2308 111.1309
367.7062 145.8962
379.2802 186.0974
380.7266 219.4662
387.3833 238.1942
398.0452 258.4258
Passive
0
306.881 315.368
284.4445 309.4274
270.8873 289.9157
265.0656 273.3797
258.7209 243.0363
252.3293 212.5643
246.3214 165.4136
252.6947 127.7188
271.6172 79.89933
289.2474 59.1944
308.82 53.29431
328.481 62.3161
339.2925 80.97272
352.3064 110.7616
368.8481 146.2372
380.7457 186.4284
381.4226 220.9397
389.6715 240.1368
399.2933 260.2671
Passive
0
305.5679 314.4704
283.2581 309.5945
270.0082 289.9888
264.3782 273.316
258.136 242.175
251.9337 211.5766
247.1422 164.4007
253.0895 126.1778
271.5299 80.22476
289.1428 59.11305
309.3673 53.15692
328.2941 61.35962
339.299 81.13271
352.7256 110.1078
369.4254 145.7427
381.6879 186.6864
382.8792 221.3846
392.2352 241.1867
400.376 261.144
Passive
0
304.134 314.6637
281.902 308.782
268.744 288.8531
263.2984 273.144
258.2389 241.2272
251.8809 210.4417
247.5189 163.3838
253.5324 124.852
271.4046 80.53043
289.1743 59.17331
309.5827 52.99096
328.7169 61.61278
339.2115 81.14244
352.86 109.6734
369.2267 145.6584
381.9836 186.6581
385.4003 221.6327
394.1864 242.6644
401.3391 261.4133
Passive
0
303.6209 314.9692
280.922 308.2964
268.1523 289.3957
262.9643 273.5356
258.2014 240.7458
251.9046 210.0042
248.1133 163.3617
253.7411 123.9225
271.2282 80.80365
289.2461 59.19235
309.7426 52.84074
328.9273 61.79637
339.2502 80.96756
353.4769 110.0083
368.4516 145.6707
381.8832 186.3712
386.02 221.8304
394.4481 242.7431
402.1815 261.8279
Passive
0
303.6529 315.2886
280.6305 308.6619
268.2722 290.3746
263.0225 274.2967
258.3987 241.0765
251.8314 210.3113
248.1229 163.8599
253.8983 123.9659
271.1752 80.93459
289.1777 59.47473
309.7802 52.35189
328.9896 61.6968
339.0607 80.98662
352.4244 110.095
367.7296 145.7446
381.5099 186.1569
385.8802 221.8419
393.7615 242.8935
401.3486 262.3174
Passive
0
303.5547 315.7012
280.5753 309.3522
268.1104 291.4468
262.9634 275.3739
258.4059 241.5399
251.8798 210.9777
248.3282 164.79
253.9224 123.8929
271.0442 81.04743
289.1672 59.5047
309.6957 52.01655
328.9824 61.40583
338.9244 80.97435
352.2526 109.7818
367.2177 145.5912
380.632 185.7264
385.2118 221.3493
392.8343 242.5757
400.4389 262.806
Passive
0
303.9582 315.9743
280.766 309.9006
268.0546 292.5711
263.2424 276.4588
258.3809 242.0031
251.8823 211.6707
248.5753 165.6609
253.8679 123.9463
270.8793 81.30219
289.097 59.5638
309.8051 52.03526
329.0722 61.59953
339.1767 80.91415
351.5359 109.3749
366.377 145.4847
379.8956 185.4042
384.4529 221.2489
391.7848 242.9823
399.5713 263.2267
Passive
0
304.2096 316.2002
281.2916 310.4485
267.9951 293.3664
263.1797 277.3255
257.9546 242.2285
251.8409 212.1279
248.7259 166.2447
253.9509 124.2035
270.713 81.58847
289.025 59.70015
309.7833 52.21642
328.829 61.72917
339.231 80.83631
351.1749 109.1541
365.8274 145.0662
379.597 185.9455
384.4415 220.8899
391.789 243.0739
399.6657 263.3688
Passive
0
304.0589 316.3802
281.4847 310.865
268.0428 294.0712
263.1151 278.0712
257.5886 242.2711
251.7785 212.3165
248.7524 166.657
254.2049 124.4867
270.5904 81.82383
288.9362 59.87959
309.8795 52.14508
328.6369 61.64754
339.0066 80.89188
350.759 109.16
365.0902 144.4523
379.4557 185.6744
384.4396 220.6645
392.6082 242.888
400.356 263.449
Passive
0
303.7399 316.5934
281.8389 311.2182
268.1196 294.819
263.0771 278.862
257.5759 242.4113
251.7132 212.4697
248.8006 167.1423
254.4036 124.705
270.4969 82.00436
288.8488 60.08751
309.9586 51.89041
328.4558 61.71586
338.1912 81.32415
350.4995 109.2254
364.9826 144.2747
379.4656 185.4638
384.6378 220.7307
392.5704 243.1502
401.0063 263.6624
Passive
0
303.4785 316.791
282.2256 311.5677
268.2805 295.4352
263.2726 279.8035
257.7979 242.7667
251.6356 212.7357
248.8822 167.7191
254.2768 124.7737
270.3654 82.22279
288.8101 60.09776
310.2557 51.64607
328.4516 61.75421
338.3275 81.2492
350.5333 109.3918
365.2385 144.5332
380.0215 185.4349
385.0097 220.7651
392.194 243.6194
401.3615 264.0649
Passive
0
303.3601 317.0365
282.4575 312.1218
268.7507 296.6029
263.4418 280.7655
258.0851 243.1202
251.5513 213.0287
249.0175 168.3977
254.6076 125.1169
270.1838 82.5881
288.8257 60.05484
310.5268 51.68054
328.3473 62.01227
338.7175 80.86845
350.7027 108.9297
365.3694 144.8204
380.5279 185.5846
385.7362 220.8401
392.2996 244.067
401.6115 264.47
Passive
0
303.3959 317.4912
282.7812 312.5689
269.5079 297.4123
264.0893 281.7733
258.4143 243.5681
251.5707 213.476
249.1678 169.0513
254.8573 125.5859
269.9674 83.01016
288.7948 60.17063
310.5608 51.83088
328.4427 62.07364
338.3473 80.62191
351.123 109.1396
366.0167 145.0965
380.6746 185.979
386.0429 221.0502
392.2243 244.3527
401.8714 264.9073
Passive
0
303.3542 317.828
283.2137 313.0958
270.0677 298.3231
264.5717 282.9651
258.4503 243.892
251.6734 213.8918
249.2163 169.6094
254.7581 125.9572
269.8421 83.2959
288.744 60.22601
311.004 51.95801
328.5827 62.43493
338.6432 80.15231
351.7474 109.127
366.6711 145.1801
380.7672 186.1266
386.2489 221.1315
392.6294 244.787
402.3864 265.2589
Passive
0
303.3931 318.1443
283.6059 313.5762
270.3982 299.2787
264.684 283.9939
258.5704 244.1164
251.726 214.2677
249.3367 170.1457
254.8542 126.2598
269.6983 83.61331
288.9257 59.69679
311.1175 52.27697
328.7237 62.62942
338.8235 80.02593
351.8337 109.0478
366.7992 145.2729
380.8678 186.0886
386.4972 221.1919
392.6983 245.4244
403.1932 265.5923
Passive
0
303.4838 318.3579
284.1149 314.097
270.423 299.9867
264.7743 284.7681
258.5991 244.3016
251.8052 214.5819
249.4453 170.6242
255.023 126.3645
269.5354 83.9478
289.1038 59.19537
311.1376 52.5445
328.776 62.60639
338.9326 79.99293
351.7065 109.1129
366.6189 145.433
380.8475 185.9037
386.7301 221.1823
393.3616 245.6591
403.9028 265.8988
Passive
0
303.4412 318.4777
284.5862 314.5703
270.643 300.7464
264.7666 285.3958
258.5273 244.4255
251.7734 214.819
249.5818 171.0695
255.2131 126.4949
269.3621 84.27065
289.3068 58.67918
311.1472 52.84505
328.678 62.21236
338.5682 80.02675
351.4059 109.0942
366.299 145.4729
380.8281 185.7672
386.8375 221.1562
393.7751 245.7987
404.2502 266.2956
Passive
0
303.4744 318.66
284.9448 315.0541
270.8629 301.5165
264.8596 286.0401
258.3971 244.5439
251.746 215.0565
249.6455 171.4677
255.3617 126.5853
269.2524 84.4959
289.5306 58.15177
311.1437 53.00715
328.5866 62.01185
338.4453 79.96095
351.2455 108.8812
366.2837 145.326
380.8606 185.6787
386.936 221.1235
393.8967 246.1005
404.2247 266.9009
Passive
0
303.278 318.8694
285.2953 315.5356
271.1797 302.3618
264.9922 286.6675
258.293 244.6345
251.817 215.2561
249.7484 171.8072
255.519 126.4894
269.166 84.72289
289.7719 57.59136
311.0889 53.10744
328.6633 62.00251
338.4061 79.88393
351.05 108.824
366.5681 145.3062
380.9191 185.5156
387.0571 221.1091
394.0998 246.308
404.6816 267.2414
Passive
0
303.372 319.078
285.564 315.898
271.572 303.178
265.212 287.278
258.216 244.666
251.856 215.41
249.948 172.162
255.672 126.37
269.028 85.03001
290.016 57.04601
311.004 53.23001
328.812 62.13401
338.352 79.94201
351.072 109.198
366.972 145.45
380.964 185.518
387.324 221.134
394.32 246.574
405.132 267.562
Passive
0
303.5031 319.024
285.4356 315.801
271.3163 302.7992
265.1744 286.9025
258.1698 244.636
251.8253 215.2615
249.8677 171.776
255.6568 126.0632
269.1445 84.82076
290.0477 57.04265
310.8566 53.00943
328.9327 62.2737
338.3727 79.987
351.3946 109.5643
367.3048 145.6807
381.0976 185.5139
387.4026 221.0902
394.5285 246.4725
405.4311 267.3693
Passive
0
303.3672 318.985
285.2299 315.6603
270.9242 302.3289
265.0692 286.5059
258.097 244.6039
251.8096 215.0367
249.7531 171.392
255.5847 125.6969
269.2463 84.63354
290.0693 57.03125
310.7289 52.9186
329.0372 62.23088
338.381 79.99208
351.5326 109.4751
367.5752 145.817
381.3384 185.4113
387.5573 221.0115
394.1632 246.4172
405.6268 267.3262
Passive
0
303.319 318.9227
285.0794 315.5392
270.6116 301.8847
264.9071 286.0525
257.9295 244.5789
251.8139 214.8234
249.7194 171.0701
255.371 125.2884
269.3295 84.414
290.118 56.99262
310.6908 52.86543
329.1192 62.16255
338.4317 80.05908
351.6976 109.4488
367.8927 145.6697
381.6179 185.1991
387.6652 220.9007
394.1228 246.2812
405.6867 267.2301
Passive
0
303.3176 318.8372
285.0709 315.4823
270.25 301.3682
264.7624 285.6234
257.8423 244.6003
251.7679 214.6615
249.671 170.7374
255.2471 125.0089
269.4998 84.16249
290.1581 57.00308
310.6615 52.78229
329.1028 62.09018
338.4334 80.13146
351.9509 109.4632
368.1126 145.5699
381.8272 184.9919
387.6526 220.8587
394.3165 246.0899
405.8141 267.2145
Passive
0
303.3675 318.6814
285.0294 315.3857
269.8774 300.8765
264.6213 285.2589
257.7532 244.6488
251.6896 214.4824
249.6897 170.413
255.212 124.784
269.5965 84.01241
290.1978 57.00619
310.7412 52.73504
328.9817 62.01494
338.4418 80.19418
352.0221 109.5676
368.2772 145.3699
381.76 184.8391
387.65 220.7325
394.142 245.8351
405.6112 267.2581
Passive
0
303.3245 318.5367
284.9856 315.2907
269.5334 300.4167
264.4618 284.9414
257.6658 244.7078
251.6308 214.332
249.6034 170.1279
255.1244 124.5744
269.6833 83.85769
290.2178 56.98383
310.7098 52.643
328.7896 61.95649
338.4216 80.24577
351.883 109.6291
368.3465 145.3939
381.8616 184.6088
387.6354 220.5604
394.4454 245.4948
405.5301 267.1154
Passive
0
303.3676 318.4522
284.8564 315.2093
269.1789 299.9271
264.3306 284.6135
257.6199 244.7808
251.5056 214.2397
249.3828 169.8091
255.0212 124.3197
269.7776 83.65929
290.2074 56.95303
310.5812 52.48334
328.583 61.9329
338.4191 80.30512
351.8217 109.6623
368.4108 145.3916
381.8893 184.434
387.6058 220.3994
394.2029 245.025
405.4665 267.058
Passive
0
303.4311 318.3825
284.7869 315.1431
268.9124 299.4912
264.2416 284.355
257.6032 244.8327
251.3984 214.1323
249.1233 169.4565
254.888 124.1169
269.9099 83.38523
290.1994 56.92382
310.4821 52.33449
328.4294 61.91666
338.4762 80.38909
351.8105 109.5959
368.4773 145.4332
381.7039 184.2213
387.5775 220.2052
394.5526 244.6801
405.2598 267.0628
Passive
0
303.3677 318.3477
284.7776 315.0991
268.7155 299.098
264.2644 284.1625
257.6746 244.9117
251.3203 214.0701
249.0514 169.2293
254.8324 123.7888
270.0306 83.11841
290.2083 56.90406
310.4116 52.21546
328.346 61.93039
338.5433 80.3927
351.9029 109.4451
368.5055 145.4679
381.641 184.0027
387.5183 220.0741
394.7887 244.2909
405.1527 267.0613
Passive
0
303.2917 318.318
284.7186 315.0709
268.5552 298.6782
264.3284 284.017
257.8294 244.9685
251.3689 214.06
249.1675 169.0538
254.7083 123.4262
270.1346 82.87552
290.1959 56.89949
310.3502 52.09779
328.2977 61.99286
338.6314 80.38957
352.0732 109.3667
368.5667 145.4523
381.6899 183.8552
387.4774 219.9775
394.877 243.9785
405.5106 266.8971
Passive
0
303.3684 318.3878
284.6532 315.0326
268.5465 298.3038
264.55 283.9536
257.9082 245.1722
251.4472 214.0871
249.3671 168.9727
254.6786 123.2853
270.2011 82.64477
290.1242 56.91586
310.2497 51.97251
328.2578 62.05885
338.7574 80.35342
352.2382 109.399
368.7301 145.4507
381.8924 183.6803
387.4414 219.9348
395.1437 243.5915
405.9403 266.9388
Passive
0
303.698 318.3824
284.7623 315.0532
268.6441 298.1458
264.6464 283.8877
257.9628 245.5222
251.3917 214.1238
249.1301 168.8432
254.918 123.6052
270.3328 82.35009
290.0352 56.92532
310.1503 51.92341
328.181 62.16918
338.976 80.27161
352.379 109.4192
368.9548 145.4195
382.135 183.614
387.4216 219.8617
395.9918 243.2419
406.1789 267.2148
Passive
0
303.4168 318.5493
284.4712 315.3403
268.2708 297.7107
264.5838 283.8928
257.7635 245.9232
251.4189 214.3955
249.0281 169.0578
254.6829 123.3569
270.3424 82.2267
289.9648 56.95341
310.0312 51.98119
328.007 62.28273
339.2209 80.24635
352.4405 109.6261
369.3021 145.7248
382.5179 183.8177
387.6433 220.2142
397.0839 243.3881
406.9679 267.8812
Passive
0
302.7876 319.3391
284.2605 315.2599
267.9603 297.9126
264.385 284.5064
257.4079 246.8309
251.2327 214.9885
249.1087 169.6348
254.3107 123.826
270.5073 81.85043
289.9964 56.88691
310.1091 52.13507
327.8257 62.37795
339.6257 80.59771
352.8167 109.9623
369.7219 146.256
382.9003 184.3636
388.4444 221.0781
397.8724 244.149
407.7494 269.017
Passive
0
304.595 320.518
284.1983 315.2894
267.7221 298.0131
264.4067 285.3784
257.6672 248.2359
251.2444 216.2282
249.0263 170.6402
253.4631 123.9667
270.6266 81.58776
290.0214 56.81659
309.7129 52.21474
327.6765 62.51367
339.0982 80.60894
353.1984 109.7604
370.33 146.1282
384.1757 185.212
389.4526 222.1746
397.5923 247.1429
408.659 270.5721
Passive
0
306.295 321.536
285.8755 316.6456
268.5484 298.9311
264.6532 286.0607
257.7781 249.4247
251.152 217.1828
248.3557 171.1312
252.9952 124.1479
270.7233 81.39539
290.0162 56.86267
310.0192 52.62554
327.5758 62.56989
338.8475 80.61622
354.9584 109.4774
370.6966 146.2343
384.9674 186.4398
390.8118 222.9425
398.0538 249.3164
409.0334 271.7472
Passive
0
307.4502 321.7357
286.0722 317.11
268.2191 298.9746
264.411 286.4922
257.6972 249.9166
250.9694 217.2402
247.778 171.1287
252.8571 124.0237
270.8734 81.11323
289.9932 56.94686
310.096 52.6282
327.067 62.89572
338.7296 80.38026
355.8539 109.5091
371.2485 146.1014
385.4214 187.8312
391.9594 223.6815
398.5576 250.7999
408.2401 273.3529
Passive
0
307.9951 321.2555
285.8691 317.1773
268.2641 298.6663
264.2 286.4202
257.728 250.0602
250.9333 217.0858
247.5952 170.9338
252.8506 123.9917
271.0697 80.7689
290.0438 56.92431
310.3214 52.43272
327.3281 63.17107
338.8272 80.82361
356.1516 109.4165
371.6919 146.6221
385.9654 188.4311
392.7424 224.1756
399.3937 250.946
408.0965 274.2692
Passive
0
308.9686 321.5875
285.7651 317.2293
268.4384 298.2795
264.0869 286.1409
257.7791 250.1261
251.004 216.9239
247.415 170.6069
253.0528 123.7744
271.155 80.54082
290.0269 56.99533
310.4251 52.35339
327.582 63.43004
338.979 80.91939
356.4847 109.4058
372.2561 146.8004
386.1245 188.8349
393.3344 224.3253
400.2472 251.056
408.583 274.3369
Passive
0
309.2954 321.7772
285.7393 317.1616
268.2661 297.8225
263.9968 285.8764
257.8114 250.2007
250.9671 216.8303
247.2679 170.2878
252.8248 123.4238
271.3731 80.14308
289.9946 57.02604
310.5446 52.56439
327.753 63.33327
338.8424 80.96677
356.2181 109.7878
372.6474 147.1225
386.0642 188.7412
393.57 224.2137
400.2277 250.9516
408.011 274.5394
Passive
0
309.2969 321.755
284.4281 316.555
267.7606 297.4035
264.9528 285.8918
258.031 249.9924
251.172 216.8096
247.0329 169.7462
253.0511 123.0274
271.6147 79.69195
290.0075 56.97397
310.3946 52.8939
327.4775 63.47159
338.9543 80.73066
356.4665 109.6835
372.8982 147.2894
385.5677 188.1643
393.4868 223.5457
399.9485 250.1018
407.7611 274.0943
Passive
0
303.2862 320.4795
283.0776 316.2375
267.2969 296.8324
264.5758 284.6147
257.9971 249.8815
250.8025 216.0271
247.3662 169.6033
253.3618 122.3795
271.8153 79.23282
289.8148 57.18751
309.6177 53.00281
327.6954 62.85596
339.0118 80.72839
356.5289 109.6172
372.691 146.6602
384.8223 187.0307
392.3667 222.682
399.569 247.9891
410.2859 272.4697
Passive
0
303.4836 320.3854
282.5941 316.3426
267.4986 297.0177
264.1822 284.6976
257.7927 250.2128
250.4071 216.05
247.0418 169.6231
252.802 123.1894
272.1473 78.85251
289.7977 57.42963
309.732 53.86601
327.54 64.04201
338.8732 80.57071
355.6234 110.8977
372.8079 146.0806
383.9693 186.0172
392.0983 222.1051
399.7798 245.1932
410.8514 270.6842
Passive
0
302.0696 320.1964
282.8495 316.2973
267.4024 297.9203
264.3032 284.9257
257.5924 250.1753
250.0396 215.6848
246.5934 169.1353
252.3454 122.646
272.1757 78.82089
289.9713 57.28162
309.3095 53.96136
327.0967 63.73487
337.8687 80.75937
356.4995 111.155
372.5813 146.3811
384.6168 185.3433
392.2127 221.8766
400.3763 243.9525
408.912 270.6331
Passive
0
304.2301 319.2905
282.5255 315.8615
266.4673 297.035
263.8204 283.9734
257.1652 249.1241
249.6327 214.545
246.7114 167.8884
253.3763 120.6748
271.742 79.40967
289.8445 57.26084
309.0942 53.48944
326.7985 63.75106
336.6666 80.61189
356 110.6085
372.7289 146.231
384.9434 184.6813
392.5716 221.4084
400.03 243.2967
408.7082 270.3741
Passive
0
302.5232 318.3149
283.3508 315.8331
265.6032 295.7746
263.275 281.8896
256.6945 246.8007
249.4343 211.9317
246.5297 164.806
253.4637 120.3701
271.9114 79.1638
289.9377 57.20442
308.3735 53.09171
326.7247 64.07063
336.6103 80.7407
356.3377 110.6875
372.8657 147.2697
384.2775 184.5841
390.666 221.4824
399.5191 242.2966
407.6508 268.9496
Passive
0
300.1241 315.3868
280.8533 311.3419
264.6202 293.5919
262.2584 278.6591
255.8749 242.7372
249.0572 207.8082
246.571 160.2016
255.2168 117.0725
272.1463 78.74545
290.2508 57.07201
307.9006 53.50339
327.3715 63.57243
336.0676 80.60155
356.675 110.8286
372.7158 147.3846
383.2705 184.3732
389.3394 219.9476
398.2064 240.5901
407.6305 267.3308
Passive
0
297.3602 312.6115
278.7107 307.4218
263.3907 289.1886
261.2623 274.5053
255.6524 238.4389
249.1917 203.3825
246.3332 155.3394
256.7945 113.9904
272.4702 78.24403
290.231 57.21445
307.4382 53.83468
327.4308 63.07884
336.8077 80.13311
355.75 110.3519
373.2015 148.9254
382.5574 183.0676
386.9609 215.8491
395.9555 238.925
403.697 263.4323
Passive
0
296.751 310.1459
277.1533 304.2439
261.8 284.1696
260.369 269.4524
255.2196 234.291
249.3865 199.2384
246.429 151.1053
258.572 110.8973
272.5787 78.02689
290.2856 56.92339
307.6593 53.75901
327.4773 62.60396
337.2133 80.12839
354.696 108.3533
371.1453 148.1687
382.0941 182.2719
386.601 213.5343
394.5088 236.0198
402.1763 259.8933
Passive
0
296.0349 307.4991
275.1984 299.95
261.9798 281.3009
260.9798 266.2628
254.7723 230.4664
249.4103 195.4657
246.5958 147.7564
259.3409 109.9446
272.589 77.91695
290.2364 56.79953
308.6553 52.80938
327.8264 62.59443
337.0607 79.92823
354.6608 107.6979
370.1551 146.8604
381.7303 181.1051
386.0796 211.8714
392.7394 233.0669
400.4603 256.9474
Passive
0
294.363 304.7267
275.4825 297.6473
261.5302 278.4818
260.4852 262.1603
255.0053 227.492
249.55 192.2643
247.0175 145.3251
260.7551 107.9141
272.7734 77.70834
290.3444 56.82979
309.1942 52.28997
327.9543 62.35481
337.5292 79.47676
354.7605 107.2745
369.882 145.7429
380.3518 180.1536
385.8847 210.6974
391.6833 230.6109
400.6377 253.9312
Passive
0
293.5697 301.5308
274.3194 293.8632
261.0307 275.8835
259.8431 259.2647
255.8036 225.0478
250.4642 190.3593
247.1762 143.6043
261.0292 107.3658
272.8518 77.37145
290.1428 56.98974
310.0484 51.65422
328.1133 61.92675
337.8801 79.32362
354.3906 106.3379
368.9862 144.797
380.2193 178.2617
385.3564 208.6253
390.758 228.6789
400.9241 251.3147
Passive
0
293.607 299.4598
273.8161 290.8757
261.2049 273.785
259.9928 256.4607
256.6667 223.1033
251.8135 189.1634
248.0601 142.0578
260.8026 107.0639
272.8841 77.29546
290.1685 56.99084
310.2795 51.60965
328.2943 62.16555
338.0049 79.42528
353.3086 107.3755
368.3076 143.8805
379.8091 176.5572
384.3373 207.1837
389.1745 227.1327
400.8252 249.5262
Passive
0
293.3793 297.6996
272.9199 287.9479
262.4522 271.909
260.2094 254.6581
257.2101 221.67
252.7552 187.2817
248.6919 140.9754
261.0049 106.613
273.0711 76.98296
290.0034 57.3374
310.0292 51.54057
328.5286 62.37715
338.0311 79.60912
352.2137 107.301
367.2852 143.0602
377.9691 175.4724
382.9968 205.9778
387.4792 225.5591
400.2741 247.1588
Passive
0
292.8832 294.0385
272.013 284.7031
263.2244 270.4528
261.1232 252.4005
258.6519 220.5142
253.2335 186.021
250.1317 139.8704
261.1002 105.8352
273.2886 76.50612
290.0236 57.31633
309.6353 51.42189
328.6397 62.44578
337.9108 79.59559
350.9464 107.0138
366.3349 142.4102
377.0428 174.3051
381.2776 204.4426
386.6467 223.8131
399.4614 245.6506
Passive
0
291.0641 290.8383
271.5603 282.6288
262.9995 270.0436
261.0477 250.5122
258.9465 218.8166
253.6814 185.7007
250.2837 139.0891
261.1787 105.2566
273.506 76.0974
289.9633 57.32005
309.1655 51.32793
328.5604 62.5978
337.9638 79.75873
350.0469 106.7232
365.3508 141.4085
375.6747 173.1522
380.1082 203.0501
386.2274 222.0521
397.5735 244.1318
Passive
0
292.4272 290.1406
272.1986 281.8421
263.2214 269.0154
260.9621 248.1829
259.6425 216.5581
254.2034 184.6106
251.6845 138.3406
261.4246 104.8256
273.6992 75.82632
289.861 57.46033
308.5831 51.27705
328.5114 62.46183
338.009 79.42556
348.8855 106.343
363.9643 140.8148
374.4854 171.783
378.3003 201.1106
385.8615 220.5418
395.6807 241.9549
Passive
0
290.2679 287.2657
272.3823 279.21
263.3515 266.183
260.8737 245.568
260.9183 214.8506
254.267 183.1399
251.9651 138.1836
262.0031 104.0952
273.9491 75.42281
289.9906 57.28511
308.0444 51.3385
328.4058 62.15292
337.7206 79.46971
347.9841 106.0223
363.0418 140.1347
373.3843 170.6693
377.0157 198.7361
385.0501 218.7728
393.8942 239.8541
Passive
0
291.3364 284.6219
272.3148 277.5277
262.3411 263.0397
260.8653 243.3192
261.2012 214.0486
254.7879 182.0765
252.1651 137.5774
262.3208 103.4485
274.1345 75.00443
289.9856 57.16775
307.6376 51.52175
328.1813 62.13758
337.7526 79.38833
346.6413 106.0037
361.8655 139.3556
372.1487 169.7535
376.3014 197.4299
383.6209 217.3848
392.7336 237.885
Passive
0
291.3026 282.4846
272.1664 275.0964
261.7639 259.4093
260.6568 240.3698
261.337 212.7646
255.4993 180.9189
252.3517 136.2682
262.7382 102.7909
274.494 74.32063
290.0002 57.27213
307.5035 51.60829
327.9599 62.21727
337.8625 79.3037
346.4675 106.1369
361.0472 138.7963
371.2503 168.614
375.9736 196.1547
382.4905 216.4398
392.082 235.6168
Passive
0
290.8179 281.0066
271.862 273.0431
260.9796 256.8959
260.8488 239.8448
261.2715 210.9003
256.3392 179.7382
252.6394 135.5242
263.1537 101.8086
274.7024 73.76252
290.0261 57.02973
307.9268 51.71279
327.8069 62.25492
337.8788 79.04208
345.9548 106.0077
360.633 137.9973
370.6045 167.5316
375.6859 194.9012
381.3134 215.3129
391.6746 233.5345
Passive
