4
-----------------------
Ventricle
25
Expert
16
174.9245 188.0896
176.7852 192.8446
174.9245 200.2872
167.8954 207.3163
152.5967 221.9948
136.0576 233.5721
114.5567 244.5293
100.085 245.9765
92.43568 239.981
90.16154 225.3026
94.91654 210.8309
106.0804 194.7052
117.8646 183.5413
126.9611 176.5122
135.8508 162.4539
138.9519 154.5979
Expert
16
174.4522 188.654
176.1077 193.8733
174.3627 202.5065
166.8973 209.2408
151.3949 223.4563
135.742 233.6243
114.3836 244.5496
99.42883 246.0463
91.80524 240.0113
90.48993 225.4745
95.01665 210.8465
106.8376 194.0908
118.3467 183.5685
128.0215 175.6118
136.5034 162.8383
138.3641 155.8931
Expert
16
173.0996 193.0118
174.1205 197.2254
172.079 205.2569
165.5852 210.3822
149.7331 224.2765
134.6064 233.3598
113.0988 244.1141
98.18742 245.5201
90.76228 239.6298
89.80968 224.5529
94.5475 210.5096
106.9555 193.7898
118.3082 184.5032
127.7627 177.1906
133.8525 168.8268
138.0614 157.7353
Expert
16
171.1875 195.7131
171.7876 199.4173
169.4182 206.8082
162.319 211.5585
147.0562 224.7084
133.5352 232.3946
112.564 242.8337
97.51083 244.2849
89.94081 238.4447
89.5638 224.6064
94.36245 210.6832
107.0546 194.049
118.7742 185.0241
127.3052 178.7212
132.543 172.3774
135.8508 162.8674
Expert
16
168.7885 198.0771
168.6621 201.8687
164.7507 207.3707
158.6984 211.5998
144.7585 223.4022
131.9886 231.493
112.9548 241.6106
97.54307 243.3927
90.40156 237.78
90.23058 225.4682
94.56718 211.4783
106.5474 196.1325
118.6188 186.7254
126.699 180.7955
131.5379 174.7306
134.4876 165.0394
Expert
16
166.2415 199.6669
164.5876 204.0085
160.6595 207.7298
156.4832 210.5397
143.8022 221.5272
130.8972 230.6697
112.2829 240.9571
97.66142 242.7748
90.90294 237.4729
90.76677 226.7976
95.24687 212.1414
106.3403 198.2563
117.9603 188.8766
126.0773 182.6958
130.9665 176.3445
133.4272 166.4529
Expert
16
164.2129 200.5159
161.7244 204.8132
158.0964 207.5726
154.136 210.1834
143.0297 220.0881
129.8692 230.1518
111.7303 240.4679
98.00567 242.3419
91.36835 237.2278
91.24503 227.8712
95.96577 213.0156
106.4439 199.7058
118.164 189.8895
125.3439 184.5095
130.2178 177.7997
132.4115 168.0622
Expert
16
162.7093 201.0579
159.5164 205.4297
155.6119 208.2897
151.3549 211.099
141.2647 220.002
128.858 229.7482
111.0689 240.1054
98.01535 241.9699
91.8002 237.2056
91.59784 228.4125
96.7493 213.4004
106.8507 200.1249
118.9593 190.1832
125.1177 185.8508
130.0323 178.7254
131.6693 168.7598
Expert
16
162.0416 200.6991
158.5691 204.947
154.2099 208.1471
148.841 212.2838
140.1168 219.9718
127.6586 229.8581
109.8502 240.1895
97.89445 241.6441
92.36681 237.2378
92.05286 228.4959
97.30328 213.243
107.0954 199.7395
119.1844 189.7446
125.5914 185.0331
130.122 178.7391
131.2131 169.9172
Expert
16
161.8999 199.6669
158.3854 203.8017
153.4237 207.9365
147.0148 213.9319
139.5721 220.9611
126.3409 231.5047
109.1815 240.6013
98.01762 241.6349
93.46937 237.5002
92.64241 228.6104
97.60415 213.3117
108.5867 197.8653
118.6914 189.6653
124.9562 185.1181
130.2689 178.3728
131.3026 170.9302
Expert
16
162.9336 198.84
160.0393 201.9411
157.9966 205.4523
153.8371 210.0039
145.1541 218.2735
134.4966 227.5131
109.9242 241.6183
99.06655 242.5119
94.91654 238.1204
94.27044 227.5295
97.60014 214.0578
107.7215 198.5998
117.4047 189.9081
124.2252 184.6827
129.6569 178.1651
131.9016 168.4402
Expert
16
171.3961 193.4544
169.0266 199.1378
157.413 212.6107
152.797 217.1929
148.7477 220.6509
138.0547 228.6402
113.9267 242.2177
100.8399 243.8495
94.3489 239.197
94.11386 227.7
97.40929 214.4558
105.4602 200.9074
113.9365 190.7772
123.033 183.748
131.5829 174.1768
134.3488 163.9385
Expert
16
173.6841 189.33
171.4099 196.7726
166.655 204.2152
157.7652 214.1387
148.8754 222.2015
137.298 231.298
116.0039 242.8754
101.7389 245.1495
94.50307 239.981
93.05589 227.5767
97.19067 212.6915
104.4265 199.4602
112.9028 189.9502
124.4802 181.2672
133.7835 171.3437
136.4711 161.0068
Expert
16
174.194 190.5762
173.6841 196.7726
170.927 201.6983
160.5506 212.8268
148.7801 223.3344
136.0819 232.6659
115.7006 243.3045
100.9913 245.3701
93.95232 240.3229
92.54101 227.6244
96.85651 212.9824
104.2537 199.2936
112.9808 189.5812
122.3654 182.641
133.4028 170.3625
137.4263 158.4865
Expert
16
173.8639 191.6498
173.9957 197.136
170.8637 202.6277
161.0648 212.7798
149.5948 223.2787
135.4249 233.4516
115.372 243.6338
100.381 245.574
93.39195 240.4878
92.15686 227.2147
96.50358 212.9533
103.6083 200.1781
112.961 189.748
122.0487 182.9869
133.1682 169.6711
137.1558 157.7858
Expert
16
173.4773 192.0176
174.0975 196.9793
170.3763 203.1815
161.3655 212.5183
150.1631 223.022
135.27 233.6279
115.3248 243.7027
100.3347 245.6724
92.90052 240.2585
91.8189 226.653
96.43048 212.5852
103.462 200.0716
113.4307 189.2347
122.0917 182.8572
133.4005 168.6935
136.932 157.5752
Expert
16
173.5368 191.97
174.2241 196.8
170.5599 203.1602
162.1261 211.628
150.164 222.7207
135.5495 233.3973
115.1358 243.6791
100.4383 245.5393
92.90559 240.0576
91.70601 226.477
96.5571 212.1937
103.6384 199.6477
113.6103 188.68
122.5968 182.0171
133.3474 168.1529
136.8296 157.5426
Expert
16
173.5605 191.881
174.3524 196.6295
170.5178 203.1776
162.036 211.5215
150.4273 222.4479
135.7048 233.2936
115.1009 243.6233
100.4824 245.4326
92.8708 239.8366
91.5852 226.4068
96.65352 211.9361
103.9796 199.2176
113.8766 188.3714
122.9339 181.4998
133.4295 167.4661
136.6441 157.6207
Expert
16
173.6896 191.7612
174.5447 196.426
170.6433 203.0868
162.4205 211.0592
151.2505 221.6925
135.4046 233.4619
115.0182 243.6714
100.441 245.4119
92.78454 239.7595
91.46501 226.4184
96.60294 211.7276
104.0939 198.8312
114.1451 187.9493
123.187 181.0174
133.4473 166.9539
136.5718 157.4291
Expert
16
173.7401 191.7201
174.6642 196.2401
170.8991 202.85
162.5038 211.0028
151.6582 221.4082
135.1658 233.6167
114.9817 243.7552
100.346 245.4459
92.71342 239.7954
91.24969 226.4155
96.44125 211.549
104.261 198.406
114.4486 187.5095
123.5523 180.6008
133.5839 166.4943
136.5114 157.5238
Expert
16
173.795 191.6116
174.7811 195.981
171.0493 202.7198
162.9173 210.5538
151.1159 221.9196
135.0354 233.6833
114.7579 243.8848
100.1785 245.4999
92.6432 239.8469
91.05389 226.4035
96.22902 211.4118
104.4508 198.1047
114.9248 187.0139
124.335 179.8768
133.797 165.9357
136.4979 157.4294
Expert
16
173.8904 191.6413
174.9045 195.781
171.2773 202.5678
162.836 210.674
151.0251 222.0705
135.1163 233.647
114.7105 243.9571
100.149 245.556
92.61462 239.8685
90.88344 226.4831
96.07649 211.2646
104.7938 197.7344
115.5765 186.4338
124.7498 179.4136
133.8999 165.3818
136.5899 156.9795
Expert
16
174.4239 191.3792
175.4478 195.3853
171.9362 202.1901
163.149 210.6827
151.0303 222.2877
135.5239 233.6111
114.7114 244.0743
100.262 245.6431
92.65804 239.8793
90.76059 226.5252
96.00961 210.9437
105.2252 197.0124
116.2378 185.3445
125.2904 178.3058
134.2022 164.5672
137.2708 155.9158
Expert
16
175.204 189.0328
176.5079 193.4476
173.1808 201.0866
164.5234 209.7607
151.2225 222.598
136.1181 233.5791
114.7868 244.2162
100.4202 245.7709
92.58328 239.7727
90.48081 226.0112
95.76307 210.1609
105.3073 195.7415
117.0154 183.8973
126.6246 176.755
135.6333 163.2055
138.9784 154.5529
Expert
16
175.3206 188.2372
176.9867 192.6239
174.3854 200.0218
166.2604 208.3448
151.5343 222.5805
136.0507 233.6575
114.8146 244.2218
100.1947 245.7334
92.43349 239.6478
90.02569 225.2997
95.24232 209.8856
105.2971 195.1344
118.0795 182.7229
127.3854 175.855
136.3914 162.1909
139.5398 154.3613
-----------------------
Dot
25
Expert
1
159.4048 163.0661
Computed
1
158.6641 164.3187
Expert
1
159.4048 164.5007
Computed
1
158.2255 165.1187
Computed
1
156.6856 165.607
Computed
1
155.061 166.9438
Computed
1
153.3458 168.9983
Computed
1
152.146 169.6243
Computed
1
150.9684 170.4756
Computed
1
150.528 170.5569
Computed
1
151.3839 169.4142
Computed
1
153.921 165.9521
Computed
1
156.9417 163.3979
Computed
1
157.4248 162.786
Computed
1
157.6365 161.7978
Computed
1
157.7011 160.7431
Computed
1
157.6919 160.3768
Computed
1
157.479 160.4706
Computed
1
157.1868 161.1067
Computed
1
156.9474 161.6963
Computed
1
156.6053 162.3668
Computed
1
156.3588 162.7264
Computed
1
156.4547 163.2068
Computed
1
157.7792 163.6154
Computed
1
158.0394 164.808
-----------------------
Inflow Valve
25
Computed
2
159.4048 163.0661
174.9245 188.0896
Computed
2
158.6641 164.3187
174.4522 188.654
Computed
2
159.4048 164.5007
173.0996 193.0118
Computed
2
158.2255 165.1187
171.1875 195.7131
Computed
2
156.6856 165.607
168.7885 198.0771
Computed
2
155.061 166.9438
166.2415 199.6669
Computed
2
153.3458 168.9983
164.2129 200.5159
Computed
2
152.146 169.6243
162.7093 201.0579
Computed
2
150.9684 170.4756
162.0416 200.6991
Computed
2
150.528 170.5569
161.8999 199.6669
Computed
2
151.3839 169.4142
162.9336 198.84
Computed
2
153.921 165.9521
171.3961 193.4544
Computed
2
156.9417 163.3979
173.6841 189.33
Computed
2
157.4248 162.786
174.194 190.5762
Computed
2
157.6365 161.7978
173.8639 191.6498
Computed
2
157.7011 160.7431
173.4773 192.0176
Computed
2
157.6919 160.3768
173.5368 191.97
Computed
2
157.479 160.4706
173.5605 191.881
Computed
2
157.1868 161.1067
173.6896 191.7612
Computed
2
156.9474 161.6963
173.7401 191.7201
Computed
2
156.6053 162.3668
173.795 191.6116
Computed
2
156.3588 162.7264
173.8904 191.6413
Computed
2
156.4547 163.2068
174.4239 191.3792
Computed
2
157.7792 163.6154
175.204 189.0328
Computed
2
158.0394 164.808
175.3206 188.2372
-----------------------
Outflow Valve
25
Computed
2
138.9519 154.5979
159.4048 163.0661
Computed
2
138.3641 155.8931
158.6641 164.3187
Computed
2
138.0614 157.7353
159.4048 164.5007
Computed
2
135.8508 162.8674
158.2255 165.1187
Computed
2
134.4876 165.0394
156.6856 165.607
Computed
2
133.4272 166.4529
155.061 166.9438
Computed
2
132.4115 168.0622
153.3458 168.9983
Computed
2
131.6693 168.7598
152.146 169.6243
Computed
2
131.2131 169.9172
150.9684 170.4756
Computed
2
131.3026 170.9302
150.528 170.5569
Computed
2
131.9016 168.4402
151.3839 169.4142
Computed
2
134.3488 163.9385
153.921 165.9521
Computed
2
136.4711 161.0068
156.9417 163.3979
Computed
2
137.4263 158.4865
157.4248 162.786
Computed
2
137.1558 157.7858
157.6365 161.7978
Computed
2
136.932 157.5752
157.7011 160.7431
Computed
2
136.8296 157.5426
157.6919 160.3768
Computed
2
136.6441 157.6207
157.479 160.4706
Computed
2
136.5718 157.4291
157.1868 161.1067
Computed
2
136.5114 157.5238
156.9474 161.6963
Computed
2
136.4979 157.4294
156.6053 162.3668
Computed
2
136.5899 156.9795
156.3588 162.7264
Computed
2
137.2708 155.9158
156.4547 163.2068
Computed
2
138.9784 154.5529
157.7792 163.6154
Computed
2
139.5398 154.3613
158.0394 164.808
-----------------------
