80
16
0
312.912 322.894
294.468 321.622
276.024 306.994
263.94 272.65
254.4 233.854
247.404 182.974
249.312 132.094
265.212 83.12201
288.744 58.95401
315.456 57.68201
342.804 81.85001
358.068 109.198
370.788 143.542
382.236 191.242
391.14 230.674
407.676 273.922
Passive
0
311.6292 321.6624
295.2873 321.7534
276.1424 307.8241
263.4858 272.9859
254.4487 234.5506
246.7233 182.8646
248.9199 132.5338
265.381 83.10272
288.6907 58.86605
314.8423 58.75587
342.3175 81.28017
356.1375 108.5676
370.3509 143.6604
383.467 191.1214
392.1908 229.2342
408.976 273.3807
Passive
0
309.7358 321.3547
294.5066 321.8669
276.0244 308.0045
263.791 273.1089
254.5733 234.7571
246.4637 182.5475
248.6408 132.2813
265.5103 83.27419
288.7383 58.87001
314.2615 59.09669
342.1944 80.93262
355.9551 108.5654
370.4634 143.7652
384.7675 190.765
394.7015 228.92
409.6465 274.1143
Passive
0
308.5607 321.0681
293.3691 321.5451
275.6774 307.7117
263.26 272.5587
253.9033 233.8539
246.6555 181.6958
248.8266 131.0249
265.613 83.20746
289.1528 58.43277
314.049 58.79379
341.4881 80.78412
354.9741 107.9736
371.0855 143.5051
384.4857 190.4714
395.6525 228.9106
410.7272 274.1416
Passive
0
305.7634 320.2993
291.9457 320.3502
274.8098 306.2734
262.9373 271.2876
253.1395 231.5679
246.6431 178.9624
248.635 128.6292
265.7509 83.16645
289.1042 58.70663
314.0363 58.58383
341.0956 80.76157
355.3766 107.299
371.1236 143.1142
384.8872 189.9682
395.1164 229.309
409.008 274.0318
Passive
0
303.6621 319.1347
289.5645 317.8107
272.975 302.9381
261.8076 269.1265
252.2859 227.6149
246.6179 175.0402
249.5714 125.5712
266.0558 82.97191
289.2647 58.47734
314.66 58.2716
340.8808 80.15315
354.9993 107.3221
371.2474 143.2216
382.9598 189.312
394.1485 229.2251
408.9739 274.6631
Passive
0
301.221 317.1384
287.0794 313.6494
270.5542 299.4239
259.9463 265.5899
251.3126 223.3137
246.869 170.6148
251.0688 122.9178
265.7744 83.44328
289.4314 58.14817
314.7686 58.19061
340.5034 80.06525
353.9461 107.0216
370.1375 143.5276
382.068 187.5568
392.2239 228.0446
411.0328 275.2803
Passive
0
299.2285 314.3528
285.6183 309.7064
268.4952 295.4204
258.1437 261.3323
251.2726 219.1162
247.5133 166.978
252.8086 120.0487
266.021 83.22602
289.606 57.8002
315.436 57.1626
340.3651 79.46414
353.5302 105.7762
370.6158 142.7861
381.9119 187.8009
391.4953 226.3763
408.5905 272.425
Passive
0
298.1765 311.2155
283.9047 305.8394
267.7591 291.4551
256.5425 257.5463
251.7427 215.7556
248.5086 163.925
254.3538 117.516
266.3214 83.01051
290.2868 56.99994
316.5816 56.0465
339.8322 78.68903
353.1346 104.4685
370.3893 142.786
379.8237 187.1292
391.2835 224.3566
408.1439 270.339
Passive
0
296.7642 307.9585
282.2614 302.3299
266.5917 288.2043
257.2235 254.6101
251.6369 213.2438
249.0192 161.4149
255.2158 115.9188
266.6492 82.69468
290.6541 56.40619
316.6672 55.17587
339.6394 78.40349
353.5468 103.458
370.5029 142.0141
379.9604 185.5658
391.2294 222.1309
408.2727 267.9691
Passive
0
296.3759 305.0749
279.8918 299.2646
266.3259 286.2657
256.8822 252.2449
251.5662 210.9669
249.4448 159.5401
255.9336 115.0708
266.8253 82.36802
290.8968 56.17536
317.5508 55.33835
339.4016 78.14969
353.1171 102.7854
370.1037 141.379
380.7519 184.277
391.3767 220.5699
408.3278 266.483
Passive
0
295.9972 303.5456
279.2676 296.6908
265.2717 282.6534
256.5402 250.6669
251.7604 209.5508
250.338 158.1588
256.5618 114.3444
267.0387 82.26463
290.9149 56.20582
318.1921 55.07318
339.3821 77.79379
352.6782 102.7496
369.3829 140.8353
380.2867 183.0208
390.6244 219.669
407.9375 264.028
Passive
0
294.9948 301.536
280.2693 294.9057
265.6252 281.0391
258.0389 249.9934
252.4755 208.476
251.285 157.0652
256.7242 114.181
267.2936 82.03122
290.8344 56.35431
318.8868 55.13511
339.457 77.45518
352.9296 102.1821
368.4932 140.7935
378.8293 181.7748
389.3131 218.5206
407.5525 260.0993
Passive
0
295.23 298.9401
280.5861 292.4721
266.8158 280.0281
258.5705 248.5251
253.9535 207.4256
252.1935 155.9682
257.0974 113.8996
267.4293 81.97147
290.6769 56.51439
318.9944 55.21778
339.1803 77.4241
351.9747 101.9787
367.6129 140.2672
377.5624 180.632
388.1614 217.688
407.1387 257.9838
Passive
0
292.3052 296.1393
280.2978 290.3201
266.8599 277.9192
258.5248 246.3982
255.7696 205.3413
252.8653 154.9602
257.5252 113.48
267.7413 81.58369
291.0558 56.19509
318.9438 55.19613
338.7291 77.4117
351.3027 101.9177
366.8661 139.5844
376.6507 179.3989
387.611 216.7943
406.4544 254.2494
Passive
0
292.4825 294.6532
279.8035 287.328
267.5349 276.157
257.8415 244.7756
257.1327 203.8967
253.8285 154.0988
257.9571 113.1381
267.9899 81.33386
291.3404 56.02532
318.9267 55.12883
338.5078 77.08928
350.6751 101.817
366.4604 138.9812
375.6683 178.3681
387.3734 216.5258
405.9015 252.8096
Passive
0
291.0917 292.4037
279.0623 284.7906
268.5262 274.6364
258.1394 243.5276
257.8403 202.4258
254.7621 153.1701
258.4803 112.863
268.2522 81.09913
291.1582 56.116
318.9413 55.14157
338.1961 76.7923
349.596 101.5451
365.753 138.3491
375.3755 176.9633
386.716 216.3568
404.8276 249.9687
Passive
0
291.2978 289.6835
277.9225 281.9148
269.0636 273.1869
257.5759 242.0045
258.1202 201.2031
255.2872 152.0983
258.8714 112.3083
268.3526 81.1018
291.4711 55.55673
318.9791 55.1238
337.9511 76.50645
349.2999 101.2068
365.3641 137.6797
375.0201 175.6731
385.9898 215.5138
403.7666 248.5368
Passive
0
290.9245 287.924
277.7032 279.7249
269.3388 271.2933
257.3412 240.6271
258.2289 200.469
255.7854 150.7667
259.0896 111.5774
268.6494 80.72144
291.5175 55.38694
319.0293 55.15849
337.7137 76.14949
348.8508 101.0804
365.0006 136.8673
374.5805 174.5942
385.4224 214.5812
402.458 246.8093
Passive
0
290.2033 286.3833
277.3497 277.8259
269.7269 269.1492
257.4105 239.3548
259.1098 199.2036
256.3262 149.793
259.454 111.3256
269.0442 80.19018
291.7471 55.31513
319.0316 55.15696
337.6824 75.57857
348.3649 100.9518
364.9362 136.0978
374.4124 173.428
385.0746 213.9953
401.5175 244.9825
Passive
0
289.2947 284.6217
276.6594 276.044
268.6837 266.9038
257.4254 237.9539
259.6619 197.618
256.646 148.675
259.9466 110.9177
269.2758 80.04937
292.0545 55.06836
319.1137 54.93365
337.7988 75.2263
347.7924 100.9602
364.5901 135.5326
374.3296 172.5213
384.6277 213.4101
401.0846 243.687
Passive
0
288.5363 283.005
276.2087 274.2824
268.1395 265.4623
257.3077 236.4735
259.8325 196.3091
256.992 147.7094
260.3205 110.5437
269.5608 79.73654
292.213 54.84526
319.2019 54.42085
336.8832 74.94297
347.5471 100.9487
364.3541 135.0563
374.32 171.5144
383.88 212.6112
400.382 242.1964
Passive
0
287.9163 281.5065
275.7143 272.8899
268.0859 264.5923
257.1817 234.8678
260.1962 195.1315
257.2307 146.9641
260.5633 110.3242
269.8325 79.46144
292.2305 54.73129
319.1472 54.16673
336.6321 74.70171
347.6093 100.8538
364.2282 134.5592
374.4643 170.5905
383.3285 211.9237
399.7251 240.7363
Passive
0
287.6599 280.1729
275.1418 271.6988
268.2683 264.1947
256.4384 233.3391
260.765 194.1474
257.7569 146.4485
260.8453 110.2237
270.0625 79.23316
292.3943 54.68432
319.2212 54.26536
336.8312 74.51831
347.4708 100.9603
364.2477 134.1485
374.4064 169.6483
383.2741 211.366
399.9884 239.5314
Passive
0
287.4218 279.0309
275.0751 270.7134
268.473 263.2747
256.0724 232.525
261.2317 193.7105
257.9911 146.1675
260.8919 110.2846
270.298 79.05231
292.4356 54.57001
319.3816 54.6689
336.7929 74.08582
347.5159 100.9269
364.0811 133.767
374.5007 169.0657
383.4338 211.0094
399.8543 239.0096
Passive
0
287.2675 278.5152
275.5324 270.3677
268.2657 262.9678
256.3756 232.4751
262.2079 193.9286
258.3893 146.5188
260.9008 110.9924
270.2238 79.27448
292.5108 54.5535
319.1621 54.90091
336.3596 73.6246
347.1407 100.8055
364.2261 133.5751
374.5013 169.2543
383.8495 211.0449
396.8235 238.5245
Passive
0
288.108 278.374
276.024 270.742
268.3906 263.0099
257.58 233.218
263.304 195.058
258.852 147.994
260.76 112.378
270.3 79.30601
292.56 54.50201
318.636 55.77401
335.808 73.58201
347.256 100.294
364.428 133.366
375.24 168.982
384.78 211.594
396.864 238.306
Passive
0
288.352 278.3592
276.7405 271.7405
268.7652 263.38
257.9145 233.5003
263.5746 195.2793
258.8934 148.6217
260.8038 112.7889
270.1955 79.55175
292.6711 54.45184
319.0901 55.6082
336.2367 73.75398
348.1051 100.3735
364.2735 134.0457
374.8405 169.2849
384.3898 212.2028
396.5722 238.5331
Passive
0
288.0694 278.6522
277.5722 273.0492
269.0182 264.0303
258.2983 234.1773
263.5292 195.7378
258.9099 149.583
260.9318 113.7807
270.0491 79.75429
292.5025 54.37252
318.6003 55.77119
336.3799 74.27934
348.007 101.126
363.7227 134.983
373.977 169.9045
382.7582 213.4006
395.1482 238.9285
Passive
0
288.0674 279.4026
277.7327 274.5314
269.0947 264.9556
259.1317 235.5247
263.2405 196.4065
258.4706 150.5569
260.6704 114.9645
269.877 79.95741
292.47 54.4869
317.9198 56.42067
337.3912 74.31443
347.3455 101.1428
363.3478 136.3895
373.1484 170.3125
381.5639 214.0696
394.0145 238.6695
Passive
0
288.8016 281.0189
277.9998 276.0499
269.3983 266.365
259.9836 236.401
262.7863 197.1878
257.8273 151.7496
259.9338 115.4687
269.7592 80.21846
292.5151 54.48715
317.862 56.89764
337.7242 74.86416
347.8425 101.9547
363.5579 137.4806
373.1007 170.8945
381.1801 214.0993
393.659 238.8478
Passive
0
289.2383 283.532
278.5641 277.9213
269.6331 267.9756
259.7519 237.1912
261.9938 198.0788
257.5554 153.6294
259.9218 116.26
269.6361 80.42268
292.4829 54.48341
318.105 56.84109
338.3713 74.87428
348.4314 103.2447
364.1539 139.119
373.1581 172.1378
380.7694 214.043
393.0696 240.1182
Passive
0
288.1903 287.4917
279.2004 280.1403
267.3023 267.6108
258.4099 237.2791
261.3987 199.2246
256.7659 155.0635
259.5831 117.1003
269.3812 80.78638
292.5536 54.57433
317.8233 56.46807
338.8376 75.26138
349.8856 104.5543
365.1618 140.7481
373.1205 174.434
380.4208 214.7526
393.4695 241.5172
Passive
0
288.9951 294.0148
282.2307 287.3003
269.4475 273.2633
258.7347 237.0545
259.3521 201.7179
256.1975 157.118
258.6747 118.6471
269.2496 80.93301
292.421 54.72144
317.6701 56.1171
339.2733 75.90115
351.2109 105.7756
365.9091 142.2895
373.3216 178.051
380.5694 216.8744
394.2408 244.1287
Passive
0
294.4247 301.9694
284.0554 295.6985
273.151 280.7353
258.9543 239.637
257.119 205.6844
255.6491 161.1041
257.2963 120.9754
269.2037 81.10019
292.3399 54.66621
318.3499 55.08055
339.7262 76.32319
352.5252 106.3337
366.6794 143.6545
373.8886 181.2436
382.3118 220.2242
395.5779 247.0574
Passive
0
299.7705 308.977
287.7939 303.3292
275.3667 288.5135
257.6366 246.4193
256.037 212.615
253.3319 165.3124
255.6764 124.5541
269.1406 81.25854
292.2543 54.48153
318.3115 54.52187
340.3353 76.66303
353.3684 107.2718
367.5839 144.9286
375.5428 185.2157
383.5706 224.0375
396.9301 251.2397
Passive
0
303.164 313.4352
289.3847 308.6792
275.9641 293.3746
260.7237 253.8933
256.3203 218.4126
250.7856 170.1093
252.9969 129.4602
268.9585 81.6688
292.2713 54.51358
317.9135 54.24578
340.2025 76.72818
354.3114 107.6794
368.8593 146.5234
376.9034 188.5391
383.6995 226.8445
397.3222 255.3266
Passive
0
307.5733 317.4579
291.6255 313.5406
275.881 295.1031
262.3034 258.2338
256.7686 222.2667
248.8226 174.3504
252.3645 132.3199
268.9628 81.90561
292.3385 54.64163
317.7194 54.75369
340.464 77.04276
356.3039 108.6128
369.9963 147.0638
378.2054 191.0464
383.28 231.6045
397.8137 259.1014
Passive
0
308.1224 317.8523
290.8803 314.8993
273.9524 294.6938
263.1329 259.7161
255.5773 222.7784
248.0976 174.6781
251.5694 132.6809
268.8287 82.21549
292.4955 54.32204
318.0133 55.327
340.4705 77.34057
358.6093 111.1629
371.4579 148.2374
379.8717 191.8702
383.3744 233.2211
398.5592 261.7113
Passive
0
307.6017 318.2216
289.4781 315.0615
272.8704 295.57
262.8072 258.8612
255.0195 222.0996
247.888 173.9723
251.638 132.1819
268.664 82.4869
292.515 54.17015
317.2597 55.08551
341.0715 77.57961
360.3236 112.7258
372.492 149.2318
381.2014 192.5429
385.4876 235.2132
399.4396 263.1407
Passive
0
305.9716 317.5698
287.5337 315.1855
271.3254 294.5739
261.6911 257.4961
254.1716 219.5345
248.7019 171.6687
252.5126 130.0163
268.5685 82.75332
291.955 54.44242
316.722 54.53295
341.896 77.8757
361.4572 113.558
373.5003 149.9192
382.0291 192.9509
386.8526 235.5971
400.7466 263.6157
Passive
0
304.644 317.806
286.2 314.626
269.664 292.366
260.76 256.114
253.764 217.954
249.312 169.618
253.128 127.006
268.392 83.12201
291.924 54.50201
316.728 53.86601
342.168 78.03401
362.52 113.65
373.968 150.538
382.872 193.15
387.96 235.762
401.952 263.11
Passive
0
303.9827 318.0693
285.5036 313.7339
268.3544 292.4986
260.3114 255.7065
253.4946 217.4698
249.6998 169.2985
252.807 125.4184
268.2003 83.24686
291.8001 54.89745
316.7795 53.42302
342.8868 77.97744
362.6406 112.7915
373.9709 149.8196
383.2846 193.0796
387.1951 235.2634
402.9946 263.2369
Passive
0
303.8747 318.193
285.0896 313.7662
267.8839 292.9702
260.0363 255.6442
253.4791 217.791
249.4275 169.5469
252.7771 125.4803
268.1044 83.27062
291.6937 55.12924
316.8282 53.15714
342.6437 77.89818
362.4958 112.5899
373.468 150.0184
382.8639 192.375
386.8298 235.2892
402.8504 263.4707
Passive
0
303.7737 318.5335
285.2795 314.076
267.4877 293.5758
259.9258 256.0949
253.3683 218.4035
249.5488 170.4103
252.5545 125.3444
267.9 83.2868
291.7584 55.04745
316.5175 52.66993
342.6655 77.46344
362.6214 112.1733
372.8251 149.7012
381.8842 191.6405
385.7211 235.3201
402.2493 263.7805
Passive
0
304.2437 318.7162
285.1956 314.053
267.852 294.5898
260.1307 256.6339
253.5294 218.951
249.6481 171.153
252.1712 125.3353
267.6729 83.40778
291.7362 55.06952
316.6366 52.64738
342.804 77.1133
362.4701 111.6263
372.0871 149.4617
381.0323 191.0188
385.28 235.1911
401.7833 264.0152
Passive
0
304.5391 318.7544
285.6843 314.4484
267.7687 295.0773
260.3416 257.1805
253.6296 219.366
249.5432 171.6183
251.9311 125.5523
267.5116 83.47294
291.6526 55.13363
316.3008 52.62548
343.0383 76.77242
362.1344 110.8109
371.5008 149.0053
379.935 190.7144
384.775 234.9846
401.6987 264.0677
Passive
0
304.5286 318.7453
285.8423 314.7072
267.8923 295.3705
260.3502 257.4116
253.6362 219.503
249.4473 171.9523
251.8384 125.7876
267.4052 83.46294
291.5956 55.20256
316.4479 52.80094
342.8973 76.93106
362.0886 109.4888
371.177 148.276
380.1838 190.3594
386.1184 234.24
402.2483 264.1084
Passive
0
304.2811 318.7769
285.9328 314.63
268.0809 295.7048
260.3447 257.6064
253.5688 219.6702
249.3398 172.3051
251.7078 125.9538
267.3195 83.43515
291.524 55.25191
316.4439 52.80756
342.208 77.13499
362.0416 109.4071
370.7857 148.3759
380.6656 190.0237
386.7063 233.6395
402.3983 264.4356
Passive
0
304.0659 318.7865
286.1046 314.6262
268.2361 295.8796
260.2746 257.8069
253.4364 219.9361
249.2623 172.7572
251.3691 126.0593
267.1854 83.44636
291.4838 55.24387
316.2274 52.78823
342.3799 77.0675
362.2114 109.5616
371.0114 148.5187
381.3451 189.4613
387.2039 234.0114
402.4533 264.8279
Passive
0
303.9777 318.8398
285.9367 314.7836
268.5245 296.3134
260.2849 257.9087
253.4381 220.2586
249.2398 173.3647
251.3135 126.4158
267.0121 83.5284
291.5182 55.21449
316.4315 52.87176
342.6098 76.97861
361.9555 109.7047
371.2936 148.524
381.6486 189.2657
386.668 234.5882
402.5691 265.136
Passive
0
303.951 319.0256
286.158 314.9859
269.0876 296.6272
260.6336 258.4984
253.567 220.6875
249.2437 173.9612
251.3669 126.9088
266.8367 83.66002
291.4387 55.24951
316.3026 52.75766
342.8181 76.78374
362.0389 110.1248
372.0638 148.3567
381.4275 189.418
386.6073 235.0882
402.6802 265.4296
Passive
0
303.9986 319.1777
286.4398 315.2791
269.5751 297.0942
260.3615 258.8556
253.6934 221.0451
249.2031 174.4525
251.3216 127.3589
266.6866 83.77087
291.4191 55.21207
316.5442 53.48196
343.1329 77.1349
361.7132 110.7529
372.4647 148.6658
381.3763 189.355
386.8842 235.2062
403.0038 265.6525
Passive
0
304.1307 319.3705
286.6975 315.5444
270.0054 297.6085
260.5772 259.2214
253.7199 221.3331
249.1941 174.913
251.2392 127.7001
266.4848 83.98808
291.409 55.1879
316.6942 53.61956
343.3195 77.20314
361.7704 110.9491
372.4612 148.7207
381.4687 189.1192
387.3054 235.1615
403.5186 265.9392
Passive
0
304.3703 319.4732
286.9803 315.7967
270.0378 297.8708
260.7006 259.4589
253.7807 221.6025
249.1533 175.3041
251.1302 127.8803
266.3237 84.09698
291.3806 55.20111
316.6743 53.6245
343.4488 77.32413
361.6825 110.9608
372.2393 148.5831
381.5102 188.7255
387.4289 235.1272
403.9642 266.1562
Passive
0
304.3931 319.4217
287.2821 315.9955
270.1161 298.1197
260.6483 259.6145
253.7491 221.8069
249.1394 175.6617
251.0419 128.0343
266.1937 84.12205
291.3137 55.25899
316.6332 53.48154
343.4943 77.39178
361.627 110.5547
371.8642 148.4978
381.6654 188.4172
387.6208 235.1841
404.1443 266.4461
Passive
0
304.4218 319.4261
287.4116 316.1703
270.1769 298.3726
260.5919 259.7664
253.7115 222.0127
249.0501 175.939
250.9882 128.1386
266.061 84.16604
291.259 55.33686
316.5407 53.23626
343.5603 77.29446
361.471 110.4012
371.774 148.4359
381.778 188.1138
387.3694 235.1826
404.0363 266.8304
Passive
0
304.3142 319.4424
287.6075 316.3756
270.2889 298.6605
260.5796 259.8709
253.7404 222.1956
249.0163 176.1909
250.8983 128.1331
265.8229 84.37527
291.2951 55.3406
316.509 52.99939
343.6247 77.27007
361.3625 110.3334
371.8311 148.3447
381.9692 187.8145
387.3884 235.2514
404.368 267.0212
Passive
0
304.3779 319.4668
287.7218 316.4697
270.5135 298.9415
260.6485 259.9196
253.7845 222.3428
249.0611 176.4397
250.8273 128.1283
265.6075 84.63776
291.3579 55.31635
316.551 52.81163
343.6047 77.40749
361.4456 110.4305
372.0666 148.284
382.0436 187.5929
387.2929 235.4162
404.7102 267.2189
Passive
0
304.459 319.5122
287.7098 316.5313
270.6925 299.2111
260.7134 260.0045
253.7595 222.4022
249.0436 176.6299
250.7982 128.1477
265.4647 84.74718
291.3869 55.30317
316.6197 52.68325
343.4585 77.48
361.5264 110.46
372.2022 148.5191
382.133 187.4703
387.1307 235.5253
405.0211 267.4095
Passive
0
304.2808 319.5599
287.6588 316.569
270.7538 299.4349
260.7703 260.0659
253.6665 222.4095
249.0017 176.815
250.6532 128.1048
265.3442 84.75718
291.3624 55.31882
316.6592 52.60251
343.3964 77.54303
361.4432 110.5561
372.3261 148.6208
382.244 187.3164
387.0527 235.6929
405.1529 267.7481
Passive
0
304.16 319.5949
287.6528 316.6168
270.7642 299.6702
260.7336 260.0586
253.6675 222.4176
249.0057 177.0353
250.4381 128.0355
265.1834 84.78544
291.3657 55.32098
316.6706 52.47083
343.4632 77.64664
361.3129 110.6175
372.4292 148.5194
382.4212 187.1084
387.1498 235.9941
405.2135 267.9912
Passive
0
304.0207 319.5881
287.7668 316.7001
270.6758 299.8133
260.6768 260.0324
253.5676 222.444
248.9767 177.2401
250.3023 128.0623
265.1492 84.77127
291.3889 55.31631
316.7145 52.35267
343.4436 77.71903
361.325 110.5582
372.507 148.5097
382.5023 186.8793
387.1088 236.4478
405.2607 268.3092
Passive
0
303.9382 319.5186
287.8956 316.7623
270.6475 299.9848
260.7044 260.0675
253.4926 222.5207
248.9379 177.4555
250.1886 128.0856
264.9775 84.94514
291.3914 55.31932
316.7677 52.23482
343.4023 77.77042
361.3239 110.4006
372.5089 148.3831
382.4558 186.6583
387.1678 236.4629
405.0069 268.6362
Passive
0
303.8082 319.4794
288.0471 316.8213
270.6744 300.1751
260.6795 260.1255
253.437 222.6623
248.8281 177.6821
249.9978 128.1265
264.8556 85.04448
291.3602 55.32677
316.7881 52.14046
343.352 77.80742
361.2319 110.1477
372.4162 148.3821
382.3272 186.3907
386.9937 236.5333
405.0143 268.8643
Passive
0
303.7484 319.4987
288.0545 316.8676
270.757 300.3654
260.6233 260.2363
253.3261 222.843
248.7041 177.9269
249.7938 128.172
264.7546 85.06767
291.2897 55.35447
316.737 52.0672
343.3585 77.8713
361.1983 109.9068
372.3532 148.3214
382.1669 186.0919
386.6508 236.5275
405.1009 269.0823
Passive
0
303.7108 319.5294
288.1404 316.9292
270.9481 300.6094
260.6396 260.3444
253.2045 222.9936
248.5647 178.1998
249.652 128.2863
264.6013 85.15426
291.2417 55.3601
316.7121 51.98692
343.3802 77.93561
361.174 109.7944
372.2235 148.3262
382.0034 185.7743
387.0821 236.5012
404.9586 269.4903
Passive
0
303.5706 319.6057
288.1499 316.9991
271.235 300.8711
260.7352 260.5482
253.1075 223.1617
248.5243 178.5309
249.5604 128.3948
264.508 85.11894
291.2216 55.35908
316.7157 51.90398
343.4434 77.99706
361.0814 109.7102
372.066 148.357
381.8231 185.4795
387.2646 236.358
404.8288 269.8757
Passive
0
303.4403 319.6943
288.1629 317.1026
271.5131 301.0489
260.7623 260.7281
253.1105 223.3922
248.5364 178.9084
249.4444 128.5503
264.4493 84.94303
291.1864 55.37551
316.7532 51.84486
343.5351 78.06816
360.9821 109.6599
371.9515 148.3651
381.7639 185.2111
387.6729 236.4081
405.113 270.0768
Passive
0
303.4544 319.8745
288.074 317.1895
271.786 301.1778
260.8114 260.9684
253.1118 223.7185
248.6883 179.4192
249.3196 128.826
264.2369 85.0123
291.0868 55.43715
316.7809 51.81293
343.6472 78.10481
360.8425 109.6915
371.9491 148.3697
381.8921 184.954
387.4702 236.7555
405.4475 270.5905
Passive
0
303.8149 319.9402
288.1302 317.3398
272.0532 301.5863
261.1204 261.2831
253.0358 224.1905
248.7233 180.0163
249.436 129.3799
264.0544 85.03495
290.9694 55.48053
316.7791 51.94283
343.7787 78.09531
360.7029 109.7376
371.9837 148.3796
382.0718 184.7946
388.3567 236.7413
405.622 271.2752
Passive
0
303.3688 320.3235
288.0438 318.0096
272.2102 302.04
261.2709 261.7815
252.8597 224.553
248.6937 180.8094
249.2754 129.9395
263.6958 85.45675
290.8877 55.5082
316.7097 52.35764
343.9105 78.01695
360.3649 109.9668
372.2048 148.6864
382.2394 184.8405
389.3007 237.0904
407.0546 272.1231
Passive
0
303.1188 321.3353
288.1558 318.2794
272.1767 302.9144
261.5959 262.9771
252.8402 225.5995
248.4833 181.9081
249.1372 130.914
263.5616 85.35667
290.878 55.46733
316.7332 52.60067
344.1144 78.229
360.6959 109.8409
372.4852 149.0309
382.6665 185.277
388.9456 238.4654
409.3931 272.493
Passive
0
305.0301 322.5995
289.0466 319.3272
272.4695 303.8698
262.3662 264.9633
253.4445 227.1398
248.2481 183.4357
248.3402 132.008
263.7489 84.87702
290.8807 55.40368
316.2044 52.55154
343.1065 78.50599
360.9881 109.9995
373.2667 149.8921
383.7791 186.0177
388.869 239.6214
409.9996 274.5452
Passive
0
305.5117 323.7578
290.3467 320.6857
273.3761 305.3495
262.8066 266.5975
253.1283 228.1841
247.9084 184.5091
248.1185 132.8778
263.3649 85.15514
290.8421 55.47062
316.2187 53.11669
343.0688 78.72032
360.5554 110.1671
374.2423 151.1811
384.6582 187.2815
388.4716 241.6101
408.9627 277.3674
Passive
0
305.3598 324.1715
291.2477 321.653
273.8503 306.1258
262.9986 267.6223
253.0157 228.9212
247.7267 184.938
247.9258 133.3028
263.097 85.29839
290.7835 55.59156
316.3926 53.3565
343.1782 78.70732
361.0674 110.3414
375.2923 151.6399
385.0334 188.5204
388.407 243.3435
408.2144 279.7881
Passive
0
305.6803 324.165
291.1719 322.0181
274.1125 306.4315
263.1779 268.0857
252.7939 229.0453
247.7325 185.1603
247.9582 133.4812
262.9413 85.26596
290.8137 55.59523
316.8545 53.36939
343.489 78.94318
361.4115 110.2469
375.9863 151.8616
385.4594 189.0583
389.6862 243.5913
409.0658 280.852
Passive
0
307.4417 324.4775
291.2308 322.272
274.2537 306.6223
263.0098 268.1882
252.7442 229.1517
247.651 185.3334
247.8277 133.5777
262.6518 85.34232
290.7578 55.6976
317.0667 53.33964
343.9537 79.00197
361.7799 109.7768
376.0155 152.3712
385.5349 189.4247
391.3932 243.854
409.3857 281.5473
Passive
0
308.2275 324.7094
291.5721 322.4942
274.2054 306.7082
262.8822 268.224
252.9745 229.4236
247.4678 185.5312
247.5983 133.541
262.2952 85.54073
290.6782 55.77003
317.286 53.36293
343.9524 78.81788
361.7358 110.1725
376.0484 152.6248
385.363 189.3089
391.9553 243.7105
409.2852 281.7205
Passive
0
308.46 324.802
292.56 322.894
274.116 306.994
262.032 267.562
253.764 229.402
247.404 185.518
247.404 133.366
262.032 85.66601
290.652 55.77401
317.364 53.86601
344.076 79.30601
361.248 109.834
375.876 152.446
384.78 188.698
391.776 243.394
409.584 281.554
Passive
