80
30
0
312.9375 322.9125
293.3929 321.1204
277.6831 309.3722
269.4605 291.4055
263.8748 272.358
258.6121 253.2201
254.3891 233.8274
250.9952 214.2704
248.3749 194.5965
247.1112 174.7924
247.0404 154.9479
248.8575 135.1954
253.0535 115.8059
259.134 96.92068
267.6475 79.02636
280.726 64.2295
298.4353 55.7397
317.6667 58.82578
333.1426 71.13981
346.0788 86.16801
355.5486 103.5803
363.3727 121.8198
369.9005 140.5591
375.035 159.7299
379.4949 179.0722
383.8278 198.443
387.8366 217.8832
393.2354 236.9702
400.2779 255.5276
407.7 273.9374
Passive
0
312.2845 322.2845
293.03 319.8161
277.7019 308.3527
269.055 291.1046
263.1565 272.2983
258.1917 253.1826
254.3616 233.8491
250.8501 214.3205
247.8728 194.6179
246.5463 174.8005
246.8813 154.9139
248.9883 135.1141
253.2814 115.7259
259.541 96.95329
268.3122 79.40321
281.302 64.97023
298.8329 57.30988
317.1392 60.57998
332.7252 71.71324
345.5876 86.57072
354.539 103.7753
362.0369 121.3121
368.7987 139.8402
374.4513 159.1992
379.2985 178.0969
383.9551 197.2823
388.4831 216.7132
394.0135 235.7589
400.9014 254.5358
408.3518 273.6777
Passive
0
310.4987 321.8245
292.2306 319.2565
277.4178 307.6612
269.2642 290.7584
263.4764 272.2113
258.4911 253.1842
254.4354 233.8781
250.8556 214.3708
247.9599 194.683
246.5659 174.8317
246.7218 154.8759
248.8911 134.9882
253.3487 115.5895
259.8044 96.95103
268.7027 79.65733
281.5624 65.46429
299.0647 58.08269
317.0269 61.6109
332.5322 72.21244
345.3475 86.76118
354.0924 103.9463
361.7907 121.6056
368.8071 139.9694
374.8289 158.9574
380.1462 177.9212
385.1938 197.0356
389.9981 216.3349
395.5029 235.3751
401.9761 254.3473
409.0181 273.9119
Passive
0
309.0247 321.457
291.973 318.9641
277.5264 307.3001
269.2374 290.3048
263.3306 271.4501
258.1693 252.2936
253.8826 232.9392
250.5789 213.4379
247.9826 193.7454
246.6773 173.8807
246.7863 154.0729
248.8704 134.6415
253.3462 115.4199
259.9062 96.89687
268.9036 79.80582
281.6612 65.74963
299.243 58.25814
317.2856 62.12596
332.4515 72.64595
344.9803 87.07644
353.563 104.2233
361.6539 121.785
369.0954 139.9425
375.2566 158.8236
380.5438 177.8543
385.7178 196.9224
390.9576 216.0747
396.6554 235.1167
403.0218 254.2321
409.8808 274.0536
Passive
0
306.3876 320.4184
290.6693 317.6699
277.072 306.0591
268.9625 289.0811
262.9897 270.2737
257.4446 250.6021
253.2191 231.0317
250.2317 211.5009
247.9358 191.8188
246.8344 172.01
247.0251 152.556
248.7495 133.9201
253.1158 115.0948
259.8867 96.76971
269.0584 79.91273
281.7942 65.9766
299.3612 58.43349
317.5677 62.37119
332.4337 73.00661
344.7665 87.29675
353.6511 104.2531
361.8483 121.7839
369.3081 139.9455
375.5609 158.7608
380.9748 177.7583
386.1859 196.8107
391.2905 216.0175
396.7165 235.1666
402.5761 254.4018
408.9823 274.0932
Passive
0
304.0393 318.8271
288.7499 315.1971
275.0067 302.702
266.8893 285.0497
261.2025 266.2025
256.3526 246.8002
252.5048 227.3792
249.8247 208.1454
247.7853 188.1301
246.9665 168.4248
247.5581 149.5481
249.6719 131.2908
253.4553 114.1615
259.9518 96.63535
269.2024 79.99402
281.7619 66.17949
299.1766 58.44001
317.9553 62.31633
332.6829 73.07398
344.7657 87.50979
353.5183 104.3903
361.8661 121.8568
369.445 139.9436
375.452 158.606
380.447 177.317
385.4775 196.5636
390.57 215.3836
395.8812 234.3102
401.8612 253.5493
408.5276 273.9427
Passive
0
301.1478 316.4981
285.4931 310.9069
272.3674 298.5088
264.7004 280.9573
259.3603 262.192
255.048 242.9292
251.6672 223.5334
249.3927 204.096
247.7234 184.321
247.2664 164.713
248.3638 145.988
250.7866 128.8044
254.1667 113.1366
260.1462 96.41536
269.2602 80.02694
281.698 66.29519
299.2017 58.32541
318.1918 62.31136
332.8422 73.22194
344.6446 87.75545
353.1136 104.4571
361.321 121.6218
368.9044 139.9456
374.9102 158.4906
379.8842 176.7727
384.7013 195.4068
389.4015 213.9236
394.8661 232.7798
401.2711 251.8881
409.3172 273.7239
Passive
0
299.1974 313.9055
283.3252 306.8195
270.0761 294.155
262.9817 276.9393
258.0605 258.2745
254.2294 239.0493
251.5243 219.6349
249.4194 200.1288
248.0224 180.6907
248.1747 161.7796
249.72 143.3828
252.0808 126.6878
255.1067 112.0546
260.5797 96.12415
269.3374 80.02055
281.6612 66.32658
299.1039 58.03698
318.7129 61.88477
333.1966 73.17235
344.6456 87.87626
353.0068 104.5626
361.2911 121.6129
368.9693 139.1767
374.9948 157.574
379.5695 176.1519
384.1085 194.8086
388.5158 212.6162
393.6745 230.9203
400.2586 249.8619
408.4127 271.6182
Passive
0
298.1959 311.0071
281.638 302.9064
268.8011 289.8201
261.5515 272.8878
256.804 254.3762
253.8641 235.379
251.8453 216.5081
250.2037 197.2355
249.0244 177.9328
249.1201 159.2149
250.4862 141.9804
252.5897 126.5455
255.8138 111.5563
261.0524 95.75839
269.4992 79.97141
281.6476 66.29488
299.0814 57.52322
319.4081 61.2457
333.5762 73.08201
344.6378 87.97525
353.0314 104.3808
361.1905 120.9106
368.6748 138.1923
374.1865 156.2274
378.2946 175.1401
382.5607 193.6021
387.6834 210.9664
393.3948 228.539
400.1555 247.6414
408.2578 269.5068
Passive
0
297.006 308.4129
280.9322 300.0666
268.0787 286.6991
261.3641 269.7452
256.9716 251.4117
253.897 232.5404
251.8941 213.5947
250.5442 194.6458
249.6663 176.0047
249.8515 157.611
251.1673 140.774
253.1964 126.0446
256.4086 111.1589
261.4713 95.43246
269.7094 79.85976
281.6971 66.19846
298.811 57.12169
319.9183 60.83463
333.8674 73.06375
344.7767 87.90392
353.373 104.1732
361.395 120.663
368.5427 137.5389
373.8902 155.5076
377.9364 174.1193
382.308 192.2258
387.4142 209.3347
393.2842 226.8168
400.1475 245.7347
408.2429 267.7196
Passive
0
296.2373 305.7083
279.6797 297.7001
267.5398 284.7037
261.217 267.4153
257.2275 249.3649
254.342 230.7122
252.3466 211.7806
250.9681 192.8871
250.149 174.4009
250.3725 156.6943
251.7416 140.3323
253.7926 125.6216
256.9875 110.7763
261.8232 95.13817
269.8742 79.67584
281.7298 66.03492
298.9082 56.93575
320.23 60.58429
334.0969 73.04747
344.8348 87.89637
353.4336 104.0822
361.3207 120.4427
368.2807 137.0092
373.7125 154.7207
378.0584 173.023
382.5195 190.7492
387.4439 207.6322
393.2687 225.2146
400.2085 244.3889
408.3262 266.0514
Passive
0
295.6195 303.5685
279.1342 295.0879
267.1631 282.3665
260.8312 265.5464
256.9337 247.4727
254.2966 228.8273
252.2934 209.9597
251.0468 191.2909
250.6548 173.4009
251.0719 155.9803
252.4428 139.8008
254.4223 125.208
257.5042 110.413
262.1777 94.85664
270.0754 79.49208
281.8527 65.90808
299.0817 56.83063
320.5858 60.28979
334.3636 72.96182
344.8543 87.91743
353.2611 104.0804
361.0721 120.4415
367.9446 137.0027
373.2441 154.1422
377.424 171.9343
381.9177 189.5262
386.9081 206.796
392.6451 224.4239
399.9116 243.1441
408.1841 263.8935
Passive
0
294.7397 301.956
279.2479 293.1098
267.0258 280.0646
261.1093 263.6512
257.5178 246.2639
254.8214 227.6887
252.7579 208.5802
251.8049 190.3656
251.4956 172.6124
251.7619 155.5105
252.8195 139.8204
254.7931 124.9756
257.8538 110.0423
262.4806 94.5668
270.295 79.3075
282.0166 65.76913
299.3418 56.81853
320.5139 59.85521
334.5857 72.86069
344.9959 87.8298
353.2188 103.9331
360.4293 120.2983
366.8564 136.8531
372.0502 153.6007
376.3488 171.0015
380.7997 188.4922
385.6252 205.7141
391.5382 222.987
399.0984 241.4647
407.4545 260.8488
Passive
0
294.384 299.3809
279.5715 290.9958
267.7745 278.4331
261.6306 261.8287
258.0036 244.425
255.7087 226.4752
254.0568 207.8712
252.969 189.5786
252.4189 171.8622
252.5961 154.8971
253.6238 139.1793
255.3209 124.579
258.2193 109.7194
262.7721 94.29678
270.5065 79.11773
282.1863 65.6324
299.5288 56.79
320.5032 59.72539
334.5914 72.83138
344.8087 87.92155
352.7037 103.958
359.6614 120.189
365.9438 136.6182
371.0222 153.0316
375.2463 170.1247
379.6429 187.4917
384.4301 204.7728
390.4879 222.0901
398.23 239.7525
406.8475 258.2793
Passive
0
292.7746 296.7517
279.5287 288.7859
267.7829 276.1301
261.7387 259.8871
258.3345 242.7644
256.694 225.2541
255.4584 207.0248
254.1266 188.7772
253.3832 171.1254
253.2501 154.4138
253.985 139.0748
255.736 124.3195
258.6127 109.4015
263.0619 94.05231
270.7146 78.9229
282.3551 65.48635
299.7132 56.64178
320.5301 59.70767
334.4382 72.89697
344.477 88.03999
352.1752 103.9816
358.9654 119.8685
365.1224 135.7813
370.1461 152.2216
374.2885 169.2434
378.6702 186.4942
383.519 203.7594
389.6815 220.9052
397.5799 237.8997
406.184 255.1273
Passive
0
292.1509 294.6922
278.8283 285.8678
267.8586 273.6979
261.6249 257.9906
258.1391 241.1785
257.0369 224.058
256.668 206.1411
255.6234 187.9844
254.5206 170.4065
254.0323 153.9373
254.5447 138.871
256.1986 124.0711
258.9956 109.115
263.3466 93.81029
270.9333 78.73596
282.5544 65.35569
299.8666 56.53302
320.5459 59.68476
334.3685 72.90274
344.1721 88.13362
351.7155 104.012
358.632 119.7261
364.6632 135.4599
369.444 151.523
373.4161 168.3452
377.7659 185.5117
382.7314 202.68
388.9229 219.6158
396.8005 236.2691
405.5417 253.4005
Passive
0
291.5887 292.4934
278.8902 283.7466
268.1595 271.539
261.968 256.7405
258.5952 240.1091
257.808 222.6008
257.6693 205.0741
256.7004 187.2076
255.5065 169.7005
254.9855 153.2443
255.5341 137.9898
256.864 123.6046
259.4297 108.8613
263.677 93.60436
271.1438 78.5597
282.7169 65.18152
300.0309 56.49306
320.589 59.68706
334.3102 72.92469
343.7923 88.26525
351.1164 104.1164
358.0396 119.5012
364.0414 134.821
368.8853 151.0949
372.9014 167.5616
377.2081 184.4612
381.9803 201.5591
387.9591 218.3186
395.8357 234.4485
404.6108 250.669
Passive
0
291.4839 290.06
278.8583 281.6403
268.3559 269.4469
261.8958 254.7281
258.3388 238.2188
257.9505 220.8357
257.9938 203.3345
257.2472 186.0371
256.2169 168.9424
255.63 152.7142
255.964 137.7618
257.3004 123.3016
259.8101 108.5854
263.9421 93.39247
271.3509 78.39188
282.8293 65.01364
300.2092 56.27194
320.6534 59.69839
334.24 72.95011
343.5516 88.32702
350.777 104.0839
357.5939 119.193
363.4978 134.0879
368.3807 150.0578
372.4708 166.5975
376.7101 183.4357
381.2425 200.4327
387.0247 217.1523
394.8298 233.1059
403.5356 248.6102
Passive
0
290.7005 287.9894
278.5915 279.4722
268.4649 267.439
261.8079 252.927
258.102 236.3956
257.854 219.2686
258.3711 202.3372
257.7561 185.1414
256.7971 168.1842
256.2422 152.0283
256.4224 136.9936
257.6362 122.8475
260.0692 108.3035
264.1594 93.17818
271.5272 78.21989
282.9468 64.83565
300.3596 56.12998
320.6884 59.67863
334.2138 72.95644
343.3304 88.38963
350.4157 104.0586
357.3106 118.8982
363.3248 133.4058
368.0832 149.1338
372.2274 165.6667
376.368 182.4506
380.9981 199.4132
386.7142 216.1134
394.2205 231.8014
402.4201 246.6288
Passive
0
289.8381 286.1015
277.8466 277.3175
268.4851 265.3396
261.7535 251.03
258.0952 234.5714
258.1244 217.7142
258.9099 201.1273
258.4207 184.1938
257.4243 167.3874
256.7841 151.2865
256.8902 136.3079
258.0276 122.3793
260.3881 108.0266
264.4188 92.98963
271.6953 78.06454
283.1067 64.6899
300.5204 56.0676
320.721 59.64146
334.3109 72.89006
343.1373 88.43401
350.0542 104.0503
357.1113 118.7848
363.3828 133.2608
368.2339 148.5005
372.2956 164.7784
376.4821 181.5221
380.8745 198.4185
386.3476 215.0753
393.725 230.6907
401.8295 245.1887
Passive
0
289.4007 284.7179
277.2646 275.4882
268.0093 263.4405
261.5574 249.3959
258.175 233.5859
258.4062 217.0181
259.4617 200.2349
259.0359 183.285
257.9154 166.5607
257.0805 150.6694
257.4042 136.0567
258.4952 122.0648
260.7689 107.7658
264.6916 92.84984
271.8788 77.93616
283.257 64.57889
300.6671 55.92257
320.859 59.57652
334.4264 72.82095
342.9481 88.47053
349.6728 104.0898
356.8515 118.7571
363.2921 133.0676
368.2024 147.8938
372.2674 163.9558
376.2481 180.5796
380.2507 197.3731
385.6518 214.0241
393.14 229.5635
401.3177 243.8422
Passive
0
288.8348 283.2437
277.4037 274.403
267.8448 262.5897
261.4838 248.5953
258.1868 232.7863
258.5145 216.2506
259.7332 199.387
259.3336 182.3905
258.0712 165.7114
257.3492 150.0265
257.7823 135.6908
258.8824 121.7801
261.1134 107.5371
264.9609 92.70612
272.0515 77.82668
283.3444 64.4819
300.7765 55.71726
321.1114 59.47639
334.2409 72.96578
342.6255 88.52588
349.4407 104.0897
356.6965 118.6971
363.2274 133.027
368.2287 147.8359
372.3064 163.352
376.1894 179.6741
379.9894 196.4119
385.0715 213.0522
392.5042 228.4805
400.7054 242.4076
Passive
0
287.9109 281.7835
277.2281 273.3075
267.7763 261.7058
261.4927 247.7823
258.1653 232.0343
258.5204 215.491
259.8328 198.5685
259.6531 181.4931
258.3407 164.8549
257.4905 149.3141
257.8554 135.293
259.1099 121.5107
261.4019 107.3268
265.216 92.58412
272.2198 77.70598
283.4599 64.35377
300.9017 55.58976
321.2466 59.41245
334.1677 72.9956
342.4947 88.53602
349.3677 104.0271
356.6458 118.6197
363.2145 132.972
368.2809 147.65
372.4032 162.7594
376.1922 178.7866
379.7384 195.4396
384.548 212.0612
391.9022 227.362
400.1147 240.9672
Passive
0
287.7022 280.4186
277.0616 272.2724
267.7206 260.8322
261.3512 247.0617
257.8745 231.2849
258.416 214.73
260.0249 197.7959
259.8388 180.5558
258.759 164.1556
258.2047 149.159
258.4498 135.061
259.4601 121.2497
261.6651 107.1419
265.434 92.45698
272.3826 77.59251
283.6096 64.24962
301.0797 55.55196
321.2777 59.39475
334.2556 72.92503
342.446 88.52917
349.2344 104.0162
356.6092 118.5564
363.2752 132.8747
368.3627 147.4189
372.4625 162.152
376.158 177.9178
379.5732 194.461
384.2306 211.0107
391.5099 226.0858
399.8903 239.6275
Passive
0
287.4695 279.1536
276.9355 271.2209
267.7643 259.9258
261.2538 246.3281
257.7086 230.5722
258.4925 214.1403
260.5847 197.6058
260.6942 180.6268
259.5099 164.2829
258.4529 149.0616
258.5309 134.8249
259.6236 121.0088
261.848 106.9661
265.6208 92.34277
272.5447 77.50045
283.7236 64.15507
301.2979 55.5451
321.2487 59.48249
334.3202 72.86702
342.4507 88.50452
349.2247 103.9646
356.5833 118.5023
363.2779 132.8004
368.4118 147.3726
372.5515 162.3032
376.2412 178.0269
379.6263 194.4537
384.1969 210.8556
391.2873 225.7669
399.5031 239.168
Passive
0
287.5478 278.804
277.2812 271.0512
267.7811 260.0368
261.3814 246.5309
258.2205 230.9065
259.3108 214.4671
261.4065 197.778
261.1997 180.6728
259.829 164.2862
258.7379 148.9314
258.7394 134.5656
259.8054 120.8037
262.012 106.815
265.7666 92.20947
272.6595 77.40687
283.8492 64.08723
301.4805 55.57967
321.179 59.64708
334.2484 72.91127
342.3184 88.5261
349.1277 103.9795
356.5862 118.4414
363.3717 132.7048
368.4824 147.3603
372.5426 162.4061
376.258 178.1168
379.8071 194.411
384.2925 210.6496
390.7251 225.6964
397.8936 238.6884
Passive
0
287.9156 278.6121
277.5025 271.1745
268.5578 260.9461
262.4244 247.6956
259.3317 232.3095
260.3604 215.8658
262.464 198.9881
262.1703 181.6964
260.3986 165.2259
259.1012 149.7604
259.0054 135.0814
259.9972 120.8078
262.1537 106.6949
265.9063 92.12543
272.7628 77.33598
283.9438 63.99038
301.989 55.6391
320.9439 60.08221
334.0346 73.03483
342.3028 88.52226
349.2676 103.8854
356.6961 118.3382
363.4653 132.6307
368.7796 147.3361
373.243 162.4848
377.0485 178.1994
380.3968 194.3502
384.6609 210.4355
390.8961 225.7044
397.3337 238.9464
Passive
0
288.1359 278.5446
277.4324 271.376
268.6726 260.9802
262.7911 248.0716
259.6861 232.851
260.5326 216.296
262.6091 199.4147
262.369 182.4939
260.6561 166.1403
259.3162 150.5456
259.2503 135.5395
260.2315 120.8195
262.2824 106.6484
265.9546 92.07753
272.8571 77.27287
284.102 63.91526
302.2193 55.61491
321.0721 60.08769
334.1 73.04798
342.5807 88.43334
349.544 103.7345
356.7176 118.3082
363.2826 132.7173
368.5613 147.4115
372.9224 162.5656
376.7025 178.3065
380.1439 194.3835
384.3519 210.3426
390.3324 225.6068
396.89 238.8091
Passive
0
288.0884 278.6785
277.3896 272.0595
268.8613 261.8678
263.1653 249.2472
260.0737 234.3163
260.6543 217.7955
262.6415 200.6515
262.49 183.4406
260.7463 166.9841
259.198 151.2679
258.9983 136.1787
260.0675 121.4675
262.3271 106.8911
266.006 92.092
272.8935 77.19414
284.1807 63.80235
302.4478 55.61428
321.0356 60.2945
334.1122 73.11109
342.5848 88.46112
349.4217 103.8116
356.4503 118.4135
362.8761 132.9163
368.1356 147.531
372.4293 162.6509
376.0111 178.4711
379.1977 194.6909
382.9693 210.8882
388.7203 225.8513
395.5104 238.9136
Passive
0
288.0995 279.6921
277.2501 273.118
268.9946 262.8522
263.6148 250.4554
260.6601 235.8523
260.8942 219.3427
262.4534 201.8235
261.9473 184.3576
260.1288 167.754
258.7036 151.9724
258.6156 136.8343
259.8129 122.0155
262.2151 107.1712
265.9749 92.14455
272.9199 77.11742
284.3015 63.71409
302.7051 55.79308
320.8535 60.59359
334.4522 72.96608
342.7203 88.49534
349.0325 104.1302
355.7752 119.0338
362.209 133.4615
367.3576 148.3119
371.5239 163.4305
375.1451 178.9144
378.1844 195.2842
381.7767 211.4301
387.3824 226.1004
394.342 238.8451
Passive
0
288.3568 281.093
276.971 274.1279
269.1334 263.8573
264.138 251.7181
261.254 237.5975
261.0229 221.4849
262.2319 203.8495
261.5633 185.7881
259.5726 168.6329
258.0932 152.6573
258.091 137.4785
259.336 122.499
261.8562 107.4418
265.8641 92.21521
272.9701 77.07908
284.4199 63.64701
302.8983 55.89501
320.8504 60.85641
334.5642 73.01688
342.9358 88.51863
349.1023 104.1754
355.7513 118.9919
362.067 133.7488
367.2626 149.0405
371.444 164.3622
374.8068 179.9771
377.5467 196.1227
381.0982 211.9669
386.8434 226.2948
393.5466 238.9669
Passive
0
288.7411 283.5776
277.4958 275.8165
269.3739 265.1012
264.4072 253.2628
261.3675 239.9244
260.475 224.039
261.4698 205.9918
261.1129 187.4987
259.2964 170.4521
257.8352 154.2989
257.8135 138.6406
259.1162 123.0876
261.6878 107.8061
265.738 92.32757
272.9737 77.05315
284.5106 63.56317
303.0453 55.88323
320.9928 60.83749
334.887 72.91774
343.2875 88.54733
349.2539 104.3643
355.9322 119.7228
362.2522 134.7449
367.3857 149.9715
371.3982 165.284
374.6784 180.9452
377.4573 196.9821
381.0114 212.8075
386.7123 227.3236
393.3854 240.1887
Passive
0
288.288 287.281
278.1698 278.4702
268.4673 266.2639
263.3616 253.8727
260.5728 240.7011
259.8052 225.1639
260.7208 207.6363
260.3138 189.8715
258.6567 172.8136
257.2231 156.0989
257.2674 140.1955
258.7012 124.3431
261.4116 108.3901
265.5741 92.48943
272.9589 77.03289
284.64 63.52479
303.0898 55.77024
321.1851 60.78091
335.0708 72.85899
343.8962 88.59296
350.0681 104.7788
356.4926 120.3522
362.6514 135.6022
367.5689 151.1064
371.3228 167.0328
374.5345 182.882
377.2475 198.6792
380.8229 213.9001
386.6988 228.3322
393.6288 241.4965
Passive
0
289.7121 294.1165
279.5031 284.3074
269.6529 270.6714
263.5128 254.9909
260.5125 242.0279
259.0756 228.3601
259.0213 210.9953
258.8185 193.5384
257.5348 176.0845
256.5237 158.7967
256.7015 142.3558
258.0338 125.8636
260.6707 109.6585
265.2835 92.94096
272.9136 77.04018
284.7165 63.44085
303.0998 55.63885
321.41 60.69194
335.1914 72.83646
344.4272 88.55197
350.9226 104.9701
357.5365 121.0163
363.6736 136.7984
368.3867 153.1091
371.8174 169.5052
374.8945 185.7235
377.7365 201.6319
381.4109 216.7379
387.0074 230.4913
394.0988 243.8902
Passive
0
293.8824 301.5652
281.1174 291.3741
271.9485 276.4913
264.6914 258.6972
260.4589 244.3099
258.448 232.5093
257.6687 215.5825
257.0423 197.6349
256.2671 179.7244
255.6284 162.1708
255.5487 145.2679
256.6589 128.2557
259.5996 111.2437
264.8381 93.52129
272.8559 77.15222
284.7293 63.36159
303.041 55.32123
321.8571 60.26013
335.4602 72.83968
344.9612 88.50046
351.8713 105.1284
358.618 121.8644
364.7462 138.665
369.2223 155.351
372.476 172.1468
375.5919 188.614
378.7216 204.6978
382.636 219.9074
388.3081 233.5669
395.4054 246.9909
Passive
0
299.1216 308.5925
283.9369 298.3842
273.238 282.5462
264.9212 263.7956
259.8507 248.2329
257.3149 234.5793
256.6271 220.8201
255.7018 204.009
254.3893 184.5815
253.4892 166.3506
253.5904 148.847
255.1427 130.7523
258.779 112.5193
264.4643 94.21155
272.745 77.35072
284.698 63.29073
303.0393 55.04912
322.1149 60.05226
335.7538 72.77588
345.467 88.492
352.639 105.3684
359.585 122.5776
365.7596 139.9244
370.268 157.3404
373.7378 174.9307
376.902 192.3062
379.9273 208.6968
383.7441 223.7435
389.4889 237.5384
396.6474 251.101
Passive
0
302.779 313.2509
285.9286 303.7292
274.5631 287.8151
266.1544 268.6812
261.0049 252.2503
258.0431 236.2793
256.6609 222.5163
254.6686 205.6858
252.4849 189.1172
251.1514 171.6749
251.2715 153.1716
253.1749 133.6569
257.2977 114.6332
263.9154 95.08095
272.6646 77.54871
284.7406 63.28196
303.0617 54.95671
322.3479 60.14933
335.8597 72.82949
345.8828 88.50684
353.5012 105.5424
360.6964 123.1914
367.1356 141.2483
371.837 159.2975
375.1391 177.5262
378.04 195.1756
380.7603 211.9394
384.5031 227.6098
390.3702 241.6424
397.4985 255.12
Passive
0
307.9166 317.6509
287.2081 307.0631
274.4483 289.1272
266.3775 270.4159
261.7586 254.8203
259.0077 240.3718
256.9764 226.0038
254.1662 210.1724
251.3731 193.7086
249.5842 176.0573
249.6404 156.7049
252.0676 136.016
257.1465 115.0283
263.8731 95.30833
272.5917 77.76234
284.7737 63.31057
303.2178 55.07023
322.3164 60.36823
335.9485 72.90783
346.432 88.43554
354.6693 105.5741
362.0081 123.5043
368.2346 141.9118
372.9461 160.7834
376.3655 179.2583
379.0336 197.1324
380.9878 214.4766
384.1414 230.8174
390.2168 245.5698
397.6895 258.9458
Passive
0
308.2312 318.217
287.1411 308.4713
274.1103 290.646
266.7829 272.3264
262.3402 256.1959
259.0541 241.5876
256.3534 226.8851
253.6735 211.1664
250.9411 194.453
249.1304 176.6438
249.1634 157.0488
251.6989 136.0525
256.8981 115.0201
263.7349 95.43746
272.539 77.92612
284.7327 63.34055
303.4123 55.08113
322.3105 60.54555
336.0228 73.02893
346.8158 88.43063
355.6786 105.6128
363.4196 123.8676
369.5885 142.3904
374.2525 161.4351
377.7359 179.9878
380.2596 198.1192
381.6505 215.8217
384.2611 232.4775
390.4433 247.5859
398.6249 261.6159
Passive
0
307.3506 318.183
286.0755 308.9412
273.1616 291.2759
266.1924 272.6719
261.9248 256.0699
258.5663 240.8539
255.6423 225.8571
252.9105 210.1889
250.5867 193.9654
249.0056 176.2927
249.1556 156.6189
251.8067 135.5512
256.8656 114.9088
263.6302 95.55578
272.4838 78.05921
284.7139 63.38422
303.4746 54.94756
322.3307 60.63314
336.2516 73.02394
347.3358 88.32912
356.4332 105.4263
364.153 123.6024
370.3246 142.3603
375.2656 161.5279
378.913 180.6074
381.5159 199.0241
383.0875 216.7349
385.7024 233.627
391.6989 249.2947
399.6043 263.1942
Passive
0
306.0635 317.8877
284.9615 309.3578
272.4438 291.89
265.5639 273.1402
261.1779 255.4298
257.781 239.5401
254.9507 224.0206
252.5869 207.9952
250.6109 191.628
249.3458 173.9295
249.6274 154.5587
252.1123 134.4828
256.9226 114.6975
263.5645 95.6311
272.4379 78.1699
284.6798 63.42615
303.371 54.83203
322.4748 60.55499
336.5593 72.95525
347.8618 88.20573
357.0659 105.2674
364.7932 123.3981
370.9218 142.2665
375.8805 161.4287
379.7993 180.4642
382.4998 198.923
384.1096 216.7101
386.813 233.6867
392.6935 249.4002
400.5301 263.7762
Passive
0
304.8777 317.9655
283.616 308.6719
271.3324 291.3999
264.5401 272.6797
260.2889 254.5523
256.9537 237.9469
254.3222 222.2999
252.3522 206.5085
250.6913 189.7636
249.6728 171.7718
249.9982 152.9202
252.2605 133.58
256.8293 114.3736
263.4197 95.59159
272.4319 78.25946
284.6989 63.52378
303.2515 54.6626
322.752 60.38404
336.8236 72.93587
348.2404 88.13519
357.6801 105.0806
365.4123 123.2566
371.2978 142.2027
376.1875 161.3346
380.2859 180.3152
383.4778 198.8355
385.471 216.7223
388.3526 233.8798
394.2908 249.6017
401.8079 263.4581
Passive
0
303.9881 318.1301
283.3974 308.8599
270.7864 292.0663
264.1634 273.2995
260.1818 255.0848
256.8894 237.8882
254.2151 221.6423
252.2411 205.5509
250.7074 188.4817
249.8697 170.4872
250.1552 151.902
252.1232 133.0829
256.5212 114.0576
263.2096 95.47606
272.3807 78.27446
284.7454 63.61054
303.1308 54.65702
323.0019 60.19953
337.1854 72.80746
348.6827 88.02082
358.1202 104.9894
365.7228 123.2174
371.4552 142.1906
376.3538 161.2759
380.5698 180.189
383.7796 198.753
385.4778 216.7199
388.1445 234.0548
394.801 249.8626
402.9632 263.4625
Passive
0
303.9656 318.2899
283.2343 309.2075
270.3896 292.5698
263.9009 273.8438
260.101 255.6127
256.8659 238.3478
254.1768 221.7871
252.1652 205.2716
250.6215 188.1897
249.7993 170.2464
250.1016 151.677
252.0753 132.7836
256.4448 113.8274
263.1068 95.38247
272.3118 78.26633
284.7489 63.6348
303.0888 54.64434
323.2084 60.12195
337.3675 72.83043
348.8545 88.05478
358.3118 105.011
365.7705 123.268
371.2809 142.2531
376.2111 161.2995
380.4029 180.1338
383.2716 198.6666
384.8735 216.7044
387.8069 234.159
394.6773 250.0546
403.0445 263.6032
Passive
0
303.9832 318.519
283.1692 309.504
269.9683 293.0393
263.6807 274.3427
260.066 256.104
256.8359 238.762
254.103 221.9368
252.0838 205.0242
250.5905 187.9411
249.8291 170.0192
250.0799 151.4297
251.9458 132.5138
256.2668 113.5842
262.9546 95.23437
272.2259 78.20987
284.7381 63.65095
303.023 54.5216
323.435 60.07282
337.6002 72.76652
349.1334 88.00322
358.5784 104.99
365.8482 123.3225
370.9211 142.3149
375.4085 161.28
379.5572 180.0716
382.4196 198.6107
383.9462 216.6989
386.8448 234.2527
393.9102 250.2052
402.3514 263.8274
Passive
0
304.2413 318.6725
283.461 309.876
270.0117 293.4776
263.7654 274.7799
260.1699 256.5402
256.9135 239.1021
254.1494 222.2583
252.1267 205.5519
250.6181 188.1554
249.8471 169.8718
250.0118 151.195
251.7552 132.2516
256.066 113.3437
262.8179 95.07823
272.1541 78.1412
284.719 63.62785
303.0457 54.52341
323.5497 60.01097
337.8576 72.70585
349.4081 87.96999
358.7807 104.9867
365.882 123.404
370.7079 142.3837
375.0251 161.3177
378.873 180.0313
381.6278 198.5552
383.1673 216.688
386.179 234.3296
393.109 250.1764
401.7145 264.0154
Passive
0
304.4073 318.7392
283.6938 310.2268
270.0445 293.9373
263.8158 275.2056
260.279 256.9476
256.995 239.4226
254.1915 222.3983
252.1128 205.4074
250.5582 187.8934
249.7559 169.6645
249.8937 150.9707
251.6285 132.0101
255.9253 113.1318
262.7248 94.93372
272.1023 78.05981
284.7306 63.60619
303.0842 54.55276
323.56 60.04805
338.0532 72.65841
349.6621 87.93808
358.8227 104.9988
365.3915 123.3953
369.9259 142.3616
374.136 161.2839
377.984 180.0067
380.9112 198.5246
382.9131 216.6816
386.2567 234.4065
393.2941 250.2815
401.8468 264.1358
Passive
0
304.3896 318.7613
283.8712 310.5099
270.1844 294.3296
263.9036 275.6179
260.3367 257.3412
257.0267 239.7271
254.1836 222.5241
252.0511 205.3114
250.4557 187.6801
249.6532 169.4452
249.7954 150.7471
251.5479 131.7741
255.9023 112.9561
262.6667 94.80438
272.0565 77.96408
284.7323 63.53886
303.1411 54.60534
323.585 60.15841
337.9979 72.8003
349.7244 87.97471
359.0738 104.9725
365.5287 123.4406
369.9088 142.3924
374.1521 161.281
378.1602 179.9689
381.3034 198.475
383.5301 216.6604
387.0844 234.2482
393.8925 250.1094
402.2025 264.2849
Passive
0
304.2594 318.8075
284.0865 310.6707
270.3533 294.7002
264.0156 276.0092
260.3916 257.7155
257.0273 240.0155
254.1334 222.647
251.968 205.2452
250.3566 187.4967
249.5607 169.2295
249.699 150.5239
251.4624 131.5525
255.8296 112.7711
262.6187 94.66814
272.0259 77.85981
284.7547 63.47264
303.2097 54.60885
323.6153 60.28726
337.8239 73.03659
349.5916 88.13058
359.1591 105.0128
365.532 123.5044
369.7833 142.4437
374.1759 161.2859
378.4779 179.9002
381.7649 198.4186
384.0355 216.6428
387.6051 234.1939
394.2686 250.124
402.3899 264.5805
Passive
0
304.1255 318.8528
284.2933 310.8208
270.5288 295.0342
264.125 276.3732
260.4221 258.0763
257.0024 240.2921
254.0667 222.7671
251.8714 205.2
250.2597 187.3359
249.4625 169.0226
249.5774 150.3097
251.3242 131.3352
255.6776 112.5638
262.5389 94.50771
272.0061 77.74542
284.7888 63.39529
303.2769 54.57615
323.6413 60.32168
337.9115 73.04427
349.6733 88.16398
359.2027 105.0697
365.6212 123.5403
369.9152 142.4438
374.441 161.2316
378.9214 179.8015
382.2403 198.3671
384.4149 216.6409
387.8497 234.2377
394.4178 250.3014
402.5332 264.9219
Passive
0
304.0675 318.9463
284.3899 311.0794
270.703 295.2855
264.3039 276.7059
260.5098 258.4146
257.0197 240.5454
254.0557 222.879
251.8302 205.1632
250.1887 187.1918
249.419 168.821
249.5491 150.0983
251.3339 131.1483
255.6924 112.4028
262.5127 94.38443
271.9785 77.62087
284.8394 63.30128
303.3568 54.59163
323.7094 60.27988
338.0682 72.98418
349.7448 88.21467
359.0873 105.2013
365.6131 123.586
370.1396 142.4238
374.7773 161.1803
379.3277 179.7709
382.4434 198.3659
384.3923 216.6708
387.6612 234.425
394.3669 250.6363
402.6975 265.2223
Passive
0
304.0561 319.0938
284.541 311.2482
270.9611 295.4037
264.5919 277.0274
260.6766 258.7224
257.1044 240.7725
254.096 222.9839
251.829 205.1338
250.1538 187.0586
249.3888 168.6302
249.56 149.8913
251.4001 130.9659
255.7858 112.2908
262.505 94.26465
271.9692 77.49647
284.9216 63.18572
303.4126 54.59087
323.7399 60.24922
338.2006 72.91943
349.8125 88.26612
359.0122 105.3129
365.7211 123.5997
370.5378 142.3671
375.109 161.1174
379.3363 179.7799
382.381 198.3902
384.3655 216.7147
387.6674 234.5685
394.4569 250.9005
402.8974 265.5122
Passive
0
304.1065 319.2298
284.6717 311.4295
271.2253 295.6516
264.7126 277.371
260.6167 259.0561
257.0714 241.0105
254.1484 223.0843
251.8449 205.1139
250.1133 186.9359
249.3334 168.4533
249.5334 149.6908
251.4139 130.7812
255.8114 112.1431
262.4974 94.14474
271.9426 77.3929
284.918 63.09961
303.6007 54.73673
323.5895 60.33205
338.2542 72.91367
349.8097 88.36472
358.8003 105.4814
365.6215 123.6647
370.694 142.3606
375.3 161.095
379.3941 179.7844
382.4119 198.4102
384.4846 216.7636
387.8802 234.664
394.7219 251.0547
403.2099 265.7692
Passive
0
304.2195 319.3628
284.784 311.6024
271.4278 295.9021
264.9053 277.6699
260.7367 259.3392
257.1321 241.2237
254.1525 223.1925
251.8171 205.1051
250.0744 186.8297
249.2992 168.2858
249.4943 149.4987
251.407 130.5919
255.8019 111.9849
262.4781 94.01617
271.9325 77.29572
284.9368 63.03573
303.7015 54.74327
323.6191 60.35122
338.3263 72.91829
349.8793 88.40185
358.7909 105.5508
365.5862 123.7265
370.6885 142.3951
375.3387 161.1071
379.4708 179.7875
382.5309 198.4271
384.6969 216.822
388.1833 234.737
395.0398 251.1615
403.6143 266.0376
Passive
0
304.3481 319.4373
284.8907 311.771
271.5014 296.1897
264.9733 277.9722
260.8165 259.6165
257.1705 241.4329
254.1678 223.2981
251.7947 205.1018
250.0322 186.7338
249.2397 168.1286
249.4432 149.3149
251.3703 130.3932
255.7772 111.8245
262.442 93.8765
271.9268 77.19516
284.9699 62.96661
303.756 54.71379
323.6578 60.36972
338.3607 72.92569
349.9222 88.44592
358.7824 105.619
365.5067 123.8
370.5855 142.4548
375.295 161.1398
379.5563 179.7918
382.6462 198.4503
384.8148 216.8914
388.335 234.8606
395.2595 251.3281
403.9541 266.299
Passive
0
304.3846 319.4281
285.0092 311.927
271.5869 296.4456
265.0229 278.27
260.8324 259.894
257.1644 241.6433
254.1396 223.4092
251.7442 205.1072
249.9725 186.6468
249.1881 167.9784
249.3967 149.1373
251.3399 130.2153
255.7325 111.6617
262.4034 93.73682
271.9225 77.08261
285.0085 62.90474
303.7846 54.64821
323.7238 60.33036
338.3962 72.95261
349.981 88.4658
358.8441 105.6537
365.4476 123.8705
370.4363 142.5242
375.2334 161.1805
379.6551 179.7949
382.805 198.4744
384.9399 216.9702
388.4585 234.9913
395.4067 251.5364
404.1496 266.5934
Passive
0
304.386 319.4458
285.1022 312.094
271.6546 296.7123
265.0645 278.5512
260.8495 260.1608
257.1483 241.8493
254.117 223.5186
251.6937 205.1176
249.9076 186.5672
249.1263 167.8359
249.3507 148.9624
251.304 130.0396
255.6952 111.5007
262.3555 93.58888
271.9208 76.96677
285.0599 62.84896
303.7673 54.56981
323.8119 60.25869
338.4966 72.9505
350.0323 88.5009
358.8351 105.717
365.4028 123.9282
370.399 142.5657
375.2874 161.1944
379.8092 179.7962
382.9201 198.5102
384.9434 217.0613
388.4131 235.1763
395.4456 251.8144
404.2481 266.8995
Passive
0
304.356 319.4796
285.1783 312.2432
271.7343 296.9432
265.1397 278.8162
260.8872 260.4139
257.1855 242.0399
254.1221 223.6235
251.6712 205.1278
249.8791 186.4889
249.0869 167.6993
249.2981 148.7942
251.2552 129.8666
255.6338 111.3313
262.3159 93.44299
271.937 76.85486
285.125 62.79449
303.7621 54.46906
323.9081 60.20059
338.5604 72.95709
350.0628 88.55057
358.8258 105.7754
365.4045 123.9676
370.4659 142.5821
375.4264 161.1874
379.9893 179.7925
383.0482 198.552
384.9766 217.1632
388.4424 235.3441
395.5651 252.033
404.5295 267.1236
Passive
0
304.3609 319.5138
285.2336 312.3618
271.8543 297.1376
265.2574 279.0635
260.9771 260.6493
257.2264 242.2253
254.1356 223.7274
251.6747 205.1369
249.8657 186.416
249.0734 167.5667
249.2707 148.6313
251.2026 129.6962
255.5663 111.1512
262.2696 93.29004
271.9636 76.76238
285.1889 62.74331
303.7791 54.37955
323.989 60.17377
338.5598 73.03126
350.0406 88.61449
358.8463 105.8142
365.4913 123.9835
370.6052 142.5804
375.5892 161.1764
380.1415 179.7947
383.1107 198.6048
384.9621 217.2772
388.3968 235.54
395.655 252.2639
404.8018 267.3485
Passive
0
304.3476 319.5461
285.2711 312.4794
271.9454 297.3409
265.3619 279.3037
261.0486 260.8811
257.2462 242.4106
254.1115 223.8354
251.631 205.1543
249.8354 186.3485
249.026 167.4399
249.213 148.4699
251.1496 129.5267
255.5216 110.9846
262.239 93.13841
271.9797 76.64619
285.2343 62.67734
303.8257 54.29475
324.069 60.16869
338.5387 73.1105
349.9892 88.69044
358.8502 105.8549
365.5388 124.0105
370.6911 142.5915
375.7002 161.1811
380.2747 179.8062
383.1654 198.6582
384.9109 217.3866
388.337 235.7406
395.715 252.5005
405.0208 267.5918
Passive
0
304.2278 319.5733
285.2993 312.609
271.9897 297.5558
265.4249 279.5483
261.0952 261.1118
257.2618 242.5929
254.0725 223.9453
251.573 205.1753
249.7874 186.2856
248.97 167.3168
249.1164 148.3118
251.0509 129.3483
255.4223 110.8037
262.1837 92.97431
271.9827 76.52161
285.2832 62.59293
303.7514 54.27644
324.1382 60.15816
338.5451 73.16366
349.9468 88.76556
358.7889 105.9231
365.5355 124.0466
370.7605 142.6072
375.8281 161.1813
380.4164 179.8198
383.2532 198.7133
384.9267 217.4932
388.2992 235.9297
395.7119 252.7548
405.1352 267.8984
Passive
0
304.1031 319.5894
285.3332 312.7332
271.999 297.7888
265.45 279.7924
261.1146 261.3422
257.2598 242.7757
254.0483 224.0526
251.5396 205.1941
249.7462 186.2254
248.8999 167.1979
249.0048 148.157
250.9027 129.1671
255.3018 110.6179
262.129 92.8083
271.9898 76.39355
285.3327 62.5261
303.736 54.2239
324.1952 60.14396
338.5711 73.20467
349.9283 88.82239
358.7455 105.9852
365.5197 124.0846
370.8316 142.6237
375.9601 161.1808
380.5638 179.829
383.3522 198.7729
384.98 217.5999
388.292 236.1074
395.7139 253.0012
405.1677 268.1833
Passive
0
303.9935 319.5786
285.3854 312.8306
272.0023 298.0227
265.453 280.0306
261.1373 261.5678
257.2426 242.9603
253.9766 224.1668
251.4548 205.22
249.6822 186.1682
248.8332 167.0794
248.9058 148.0045
250.7874 128.9935
255.2312 110.4487
262.107 92.66113
272.029 76.2831
285.3762 62.4735
303.7604 54.16951
324.2463 60.127
338.5769 73.24891
349.9197 88.86853
358.765 106.0113
365.5502 124.1132
370.8803 142.6482
376.025 161.2002
380.6506 179.8546
383.3909 198.8423
384.9769 217.7046
388.2381 236.2999
395.6654 253.2789
405.1581 268.487
Passive
0
303.8879 319.5423
285.4642 312.9155
272.0279 298.2327
265.484 280.2568
261.1799 261.7863
257.2403 243.1409
253.9103 224.2804
251.3661 205.2471
249.6021 186.1128
248.7482 166.9622
248.806 147.8519
250.6879 128.8262
255.138 110.2755
262.0719 92.50612
272.0673 76.16925
285.4184 62.40975
303.783 54.10523
324.321 60.11132
338.57 73.29398
349.9207 88.90105
358.7932 106.0325
365.5743 124.1441
370.8927 142.6843
376.037 161.2375
380.6331 179.9055
383.359 198.9122
384.9714 217.8259
388.2657 236.4599
395.6519 253.5367
405.0554 268.7965
Passive
0
303.7912 319.5347
285.5407 313.0134
272.0725 298.428
265.5236 280.471
261.1987 262.0105
257.203 243.3283
253.8487 224.3932
251.2719 205.2754
249.4824 186.0598
248.6275 166.8471
248.6706 147.6977
250.5532 128.6573
255.0455 110.1019
262.0325 92.34281
272.0942 76.04934
285.4716 62.32641
303.8398 54.03995
324.3576 60.12128
338.5671 73.33549
349.9156 88.93407
358.8083 106.0616
365.5547 124.1874
370.8499 142.7371
375.993 161.2919
380.59 179.9653
383.2801 198.9866
384.8826 217.9328
388.1925 236.6589
395.6447 253.8049
405.0514 269.0672
Passive
0
303.7168 319.5606
285.6187 313.1191
272.1581 298.5638
265.5848 280.6831
261.2072 262.2392
257.1645 243.515
253.7534 224.5112
251.1552 205.306
249.3663 186.0047
248.4984 166.7329
248.5329 147.5432
250.4265 128.4993
254.9355 109.9257
262.0141 92.191
272.1134 75.91628
285.5157 62.23695
303.8902 53.98508
324.401 60.12774
338.5723 73.37143
349.9312 88.95402
358.8398 106.0794
365.549 124.2298
370.792 142.7954
375.9375 161.3512
380.5358 180.0352
383.1879 199.0596
384.7942 218.0292
388.1613 236.8438
395.6829 254.0535
405.0617 269.365
Passive
0
303.6536 319.6217
285.73 313.2561
272.2481 298.6109
265.7238 280.9081
261.2775 262.4519
257.1436 243.6982
253.6696 224.6284
251.0452 205.3354
249.2612 185.9465
248.3846 166.6138
248.4301 147.3999
250.3405 128.3482
254.8632 109.7766
261.9757 92.03037
272.119 75.769
285.5648 62.14046
303.9301 53.92302
324.4535 60.12018
338.5801 73.39906
349.9479 88.97112
358.8581 106.105
365.5063 124.2847
370.7009 142.8636
375.8485 161.42
380.4607 180.1106
383.1892 199.1207
384.9804 218.1196
388.4341 236.9111
395.819 254.2094
405.0025 269.7404
Passive
0
303.5675 319.7168
285.8495 313.4144
272.4624 298.7989
265.9106 281.1156
261.3693 262.6553
257.1545 243.8753
253.6029 224.7448
250.9684 205.3605
249.2017 185.8816
248.3274 166.4853
248.3748 147.2583
250.2772 128.2135
254.8018 109.6389
261.9358 91.86816
272.1248 75.60812
285.6247 62.02237
304.0105 53.86605
324.5105 60.1069
338.6255 73.39477
349.9564 88.99666
358.8168 106.1542
365.4245 124.349
370.6109 142.9319
375.7766 161.4883
380.4047 180.1649
383.1931 199.1796
385.0769 218.2183
388.6189 237.0076
395.9196 254.3821
405.0182 270.0887
Passive
0
303.5024 319.8423
285.9773 313.5842
272.7158 299.0068
266.0938 281.307
261.4549 262.8558
257.1678 244.0549
253.5733 224.8551
250.9296 205.3816
249.1816 185.8111
248.318 166.3489
248.3369 147.1161
250.2284 128.0957
254.7457 109.516
261.8836 91.69922
272.1241 75.42618
285.685 61.90586
304.0774 53.82491
324.5697 60.10357
338.6602 73.39045
349.9601 89.02479
358.7657 106.2053
365.3471 124.4087
370.5581 142.9926
375.7838 161.5372
380.4567 180.1952
383.2855 199.2289
385.2281 218.3161
388.749 237.1114
396.0348 254.5201
405.1886 270.3958
Passive
0
303.5326 319.9895
286.0899 313.7952
272.9549 299.2245
266.2829 281.4736
261.5679 263.0487
257.198 244.2397
253.5313 224.9659
250.8888 205.4028
249.1984 185.7363
248.3345 166.1964
248.3328 146.9637
250.2083 128.0047
254.6991 109.415
261.83 91.52695
272.1266 75.23534
285.7641 61.79855
304.1304 53.81655
324.6134 60.1047
338.6971 73.3823
349.9651 89.0543
358.6767 106.2743
365.2512 124.4664
370.555 143.0453
375.8696 161.5678
380.6167 180.198
383.4022 199.2719
385.2241 218.4269
388.5721 237.2895
395.8986 254.7646
405.3074 270.7815
Passive
0
303.59 320.1344
286.192 314.0699
273.1636 299.4997
266.5327 281.5346
261.8187 263.2402
257.2739 244.4238
253.4443 225.0787
250.7811 205.4352
249.1246 185.6693
248.2876 166.0229
248.3291 146.7836
250.2537 127.9506
254.7274 109.3683
261.7999 91.34612
272.1419 75.02533
285.8305 61.68478
304.2563 53.8723
324.5778 60.16133
338.7104 73.36988
349.9788 89.09174
358.5721 106.3463
365.1603 124.5091
370.5712 143.1015
375.9675 161.6104
380.7654 180.1772
383.6215 199.2977
385.5338 218.5376
389.2589 237.4294
396.7325 255.0635
406.1567 271.0844
Passive
0
303.3522 320.3601
286.213 314.3581
273.3787 299.9227
266.7997 282.2695
262.0187 263.587
257.3357 244.5768
253.3622 225.1864
250.6541 205.4745
248.9897 185.618
248.123 165.8338
248.1762 146.5416
250.1439 127.9341
254.6335 109.2971
261.7691 91.11897
272.1791 74.82269
285.9182 61.54387
304.4047 53.96405
324.4416 60.27937
338.6837 73.37985
349.9719 89.16056
358.4332 106.4334
365.0338 124.5295
370.5941 143.1691
376.0897 161.687
380.914 180.1058
383.8574 199.3281
385.9515 218.7154
389.8989 237.6333
397.6821 255.3808
407.6581 271.9265
Passive
0
303.2945 321.4345
286.672 315.2578
273.6425 301.257
267.0809 283.5034
262.3294 264.6978
257.5542 245.6772
253.4334 226.2745
250.5683 206.5156
248.7968 186.5862
247.8601 166.6693
247.9193 147.0974
249.9777 128.1092
254.5674 109.2095
261.7421 90.91759
272.1856 74.57552
286.0309 61.35834
304.4988 53.99612
324.3098 60.41964
338.5071 73.48547
349.9651 89.21624
358.5472 106.4304
364.9995 124.4754
370.5506 143.2525
376.1945 161.9075
381.1495 180.8026
383.9313 200.3867
386.0127 219.946
390.1574 238.9594
398.4759 256.6032
409.3409 272.7943
Passive
0
304.4509 322.5622
286.9627 316.278
273.9865 302.7099
267.4661 284.6572
262.7109 265.7645
257.8371 246.7597
253.6037 227.3531
250.5396 207.5492
248.5698 187.5705
247.4959 167.5481
247.4675 147.684
249.6248 128.2246
254.4021 109.0487
261.7231 90.69814
272.2338 74.3271
286.1586 61.19107
304.654 53.95404
324.1347 60.6521
338.1013 73.75063
349.6779 89.40884
358.7099 106.5312
365.4581 124.3939
371.2142 143.5225
377.1293 162.9145
382.143 181.7787
384.6665 201.4206
386.3205 221.2912
390.3106 240.8554
398.8715 258.8917
409.3781 275.0914
Passive
0
304.8495 323.54
288.0404 317.4749
274.9617 304.155
267.9724 285.7988
262.9163 266.8093
257.8132 247.9575
253.4025 228.4965
250.2781 208.6012
248.3181 188.5582
247.2746 168.4669
247.277 148.3483
249.5103 128.3157
254.2889 108.8835
261.6428 90.44821
272.2794 74.05344
286.3246 61.00085
304.8509 54.06906
323.9728 60.67698
337.9998 73.70358
349.6461 89.45967
358.7995 106.8581
365.9936 125.0922
372.0086 144.4554
377.9702 163.605
382.9727 182.5811
385.3273 202.4149
386.6318 222.5477
390.2145 242.8212
398.5097 261.3734
408.7606 277.6537
Passive
0
306.1046 324.3024
289.3233 318.6357
275.2972 304.7616
268.1822 286.8502
263.0085 267.7638
257.7126 248.3409
253.2297 228.5994
250.1004 208.6368
248.1809 188.5368
247.1378 168.3957
247.1436 148.2384
249.3979 128.1928
254.168 108.7065
261.5563 90.19447
272.3259 73.77179
286.5077 60.78106
304.9819 54.04847
323.9164 60.51547
338.0135 73.5163
349.7977 89.35364
359.0869 106.9692
366.3427 125.5429
372.6989 144.7219
378.8239 164.0366
383.7361 183.4169
386.1377 203.4189
387.3436 223.5884
390.3559 243.8811
398.4094 262.8081
408.5011 279.9815
Passive
0
306.7791 324.4033
289.5071 319.0529
275.4335 305.1294
268.2568 287.1579
263.0046 267.9357
257.6374 248.4474
253.1083 228.6735
250.0103 208.6595
248.1054 188.5123
247.0578 168.3279
247.0683 148.1377
249.3265 128.0752
254.0532 108.5318
261.4431 89.93629
272.3478 73.44157
286.6762 60.48455
305.1037 53.85477
323.9452 60.17989
338.06 73.27659
349.9943 89.20668
359.472 106.9298
366.8401 125.6234
373.1661 144.8553
378.946 164.3282
383.7569 184.2297
386.565 204.4583
388.2103 224.629
391.4815 244.7636
399.0459 263.6016
408.7614 281.2172
Passive
0
307.8837 324.622
289.5186 319.4096
275.44 305.6184
268.1416 287.5152
262.8369 268.1209
257.582 248.5425
253.1236 228.7183
249.9846 208.6741
247.9904 188.4955
246.9043 168.27
246.8801 148.0406
249.0992 127.9388
253.8316 108.3219
261.2436 89.65329
272.3054 73.06612
286.8596 60.07542
305.1713 53.54613
323.92 59.73105
338.1783 72.96532
350.2442 89.02781
359.8618 106.8726
367.4022 125.7375
373.6569 145.0592
379.3627 164.5553
384.0947 184.3564
386.9275 204.5117
388.9809 224.6755
392.6883 244.6719
400.0585 263.6123
409.4305 281.5931
Passive
0
308.3517 324.766
289.3344 319.868
275.2033 306.3306
267.8245 287.8713
262.6365 268.2826
257.5979 248.6091
253.3157 228.7302
250.0505 208.6779
247.8581 188.4861
246.6688 168.223
246.5945 147.9435
248.79 127.7943
253.4821 108.0951
260.9276 89.3307
272.1325 72.62331
286.9422 59.41469
305.2757 52.92473
323.9207 59.0881
338.328 72.69518
350.3525 88.97469
359.857 106.9001
367.3615 125.7867
373.6484 145.1163
379.3448 164.6291
384.0048 184.4263
386.8615 204.5744
389.0078 224.7683
392.7793 244.6808
400.1242 263.5809
409.4627 281.6593
Passive
0
308.475 324.825
288.906 320.9577
274.2715 307.2457
267.3196 288.1742
262.2791 268.4655
257.5672 248.6768
253.6711 228.7112
250.1436 208.6762
247.6988 188.4864
246.4475 168.1844
246.2197 147.8498
248.3824 127.6433
253.0334 107.8514
260.3992 88.91729
271.713 72.07839
286.6828 58.3723
305.4419 51.375
324.1943 58.12501
338.5446 72.49813
350.6262 88.83138
359.9722 106.8811
367.4048 125.8107
373.6854 145.1589
379.4119 164.6786
384.0211 184.4845
386.7194 204.638
388.6523 224.8886
392.2637 244.8793
400.0033 263.66
409.6125 281.5875
Passive
