80
30
0
291.9375 281.5875
276.7714 275.1592
265.9593 262.9284
262.0617 247.2957
263.0857 230.8383
263.4248 214.3526
261.381 198.0079
258.4998 181.7686
256.3659 165.4106
254.6128 149.0102
254.7396 132.5419
258.2325 116.4472
263.3842 100.7758
268.9836 85.26257
276.7221 70.73558
287.9859 58.80989
302.892 52.13198
318.7687 55.2998
331.7718 65.27187
339.4387 79.80331
343.7733 95.70751
349.0573 111.3047
356.4517 126.0504
363.5732 140.9237
369.6783 156.2462
374.2525 172.0737
376.5913 188.396
379.6938 204.5824
385.5203 219.9579
394.35 233.8875
Passive
0
291.3089 280.3307
277.3419 273.6138
266.9508 261.5677
262.873 246.1476
263.1469 229.9769
263.3314 213.5233
261.8662 197.1734
259.4197 180.864
257.2196 164.4779
255.4765 148.241
255.6941 132.445
258.7889 116.6069
263.576 100.8995
269.3047 85.5111
277.1417 71.20181
288.3887 59.63479
302.8665 53.35619
318.4988 56.11517
331.2222 65.89157
338.7797 80.17879
343.7733 95.75911
349.3257 111.2612
356.3654 126.1164
363.2563 140.8619
369.2343 155.6258
373.5771 171.2225
375.7603 187.4313
379.2281 203.6508
385.4783 219.0817
394.3683 232.8273
Passive
0
290.6097 279.0423
277.5562 272.4752
267.3917 260.4283
263.1169 244.9919
263.2114 229.0703
263.4667 212.7041
262.1863 196.2673
260.1296 179.9297
258.0559 163.5302
256.6715 147.5369
256.9838 132.2758
259.6134 116.7477
263.9388 101.0725
269.4983 85.73843
277.2934 71.55701
288.43 60.11908
302.7681 53.81943
318.468 56.474
331.1586 66.20275
338.6645 80.41299
343.911 95.8068
349.5605 111.2131
356.3499 126.1022
362.9749 140.6987
368.8056 155.0732
373.1019 170.4128
375.2897 186.518
378.6743 202.8268
385.1514 218.3335
394.2111 231.8724
Passive
0
290.5931 277.7034
277.6107 271.4731
267.5022 259.4061
263.2558 243.926
263.3257 228.1499
263.7179 211.8736
262.5408 195.3757
260.6177 179.1866
259.0977 163.416
257.85 147.6893
257.8485 132.2199
260.1982 116.7688
264.2652 101.2225
269.6448 85.96297
277.3323 71.85688
288.3763 60.46415
302.6414 54.03915
318.5335 56.57645
331.3809 66.54784
338.7453 80.5679
344.1228 95.84781
349.7578 111.1754
356.3329 126.0545
362.7613 140.6677
368.4985 155.0661
372.6674 169.8367
374.8521 185.6535
378.2668 201.9992
384.8621 217.5063
394.1619 231.1373
Passive
0
290.9525 276.4538
277.6456 270.4811
267.5696 258.4364
263.3595 242.9402
263.4344 227.2469
264.0472 211.2487
263.4303 195.326
261.796 179.3284
260.0439 163.4369
258.4758 147.7216
258.4691 132.2056
260.7354 116.7886
264.5868 101.3596
269.7609 86.18095
277.2905 72.11356
288.2287 60.66638
302.5834 54.1811
318.6234 56.69984
331.5374 66.76162
338.9905 80.70103
344.3403 95.89334
349.8845 111.1651
356.2672 126.0372
362.53 140.6595
368.2372 155.1219
372.3358 170.0853
374.5177 185.8479
378.0986 202.1235
384.8885 217.5235
394.3542 231.3125
Passive
0
291.9271 276.1481
278.0829 270.3835
267.6802 258.5258
263.6879 242.982
264.1346 227.3907
264.8706 211.4947
264.1597 195.4502
262.2974 179.3879
260.3904 163.4437
258.8463 147.7301
258.8428 132.1722
261.0726 116.7874
264.8014 101.4669
269.7796 86.36431
277.1999 72.32687
288.0185 60.84484
302.581 54.39726
318.6664 56.86532
331.5909 67.00131
339.1259 80.88463
344.4345 95.98316
349.9194 111.1969
356.1626 126.0446
362.3306 140.6629
368.0071 155.1857
372.1319 170.2515
374.492 186.016
378.186 202.1544
385.0255 217.5308
394.9622 231.6327
Passive
0
292.1012 276.0432
278.2944 270.5732
268.6178 259.4026
264.8098 244.0465
265.0047 228.5727
265.5341 212.7168
264.8839 196.618
263.148 180.4624
260.8315 164.4621
258.9904 148.7283
258.9227 132.8788
261.1612 116.9632
264.8153 101.5358
269.7 86.51023
277.083 72.51833
287.9192 61.05637
302.5645 54.65639
318.6524 56.95827
331.8249 67.22704
339.112 81.103
344.4972 96.09315
349.9838 111.2218
356.0857 126.0493
362.1864 140.6647
368.1223 155.2007
372.7069 170.3967
375.1777 186.1761
378.8215 202.4684
385.511 218.3002
395.4246 232.814
Passive
0
292.2562 276.0338
278.3275 270.7969
268.7387 259.35
264.8906 244.2393
264.8227 228.7898
265.2846 212.9565
264.6577 196.999
263.0504 181.3233
260.9187 165.4843
259.0863 149.6647
258.972 133.5166
261.1795 117.1989
264.7391 101.6378
269.5965 86.65194
276.972 72.71061
287.7898 61.27034
302.4484 54.87531
318.6259 57.10078
331.9805 67.41172
339.2076 81.28278
344.6624 96.17649
350.1005 111.2315
355.9595 126.084
361.9172 140.7457
367.888 155.3043
372.4406 170.5173
374.8788 186.3496
378.7075 202.647
385.489 218.4739
394.6906 233.2967
Passive
0
291.9856 276.0417
278.4025 271.6436
268.925 260.1925
264.9411 245.4139
264.7037 230.0423
265.1444 214.2492
264.529 198.2292
262.931 182.3232
260.7825 166.4376
258.7119 150.5084
258.495 134.3705
260.68 118.091
264.4523 101.9977
269.4284 86.8074
276.8291 72.90205
287.6378 61.44931
302.4016 55.10451
318.5421 57.23343
332.1165 67.61213
339.2055 81.50416
344.4961 96.36079
349.8573 111.3924
355.6727 126.2012
361.584 140.8525
367.3698 155.5123
371.8208 170.6984
374.2958 186.7285
377.9999 203.361
384.8798 219.1004
394.4221 233.8732
Passive
0
291.7611 277.1322
278.3432 272.7033
268.9409 261.1208
265.1963 246.5831
264.8754 231.3701
265.1997 215.5692
264.3325 199.3987
262.3286 183.3097
259.9048 167.3429
257.8175 151.3901
257.6427 135.1821
260.0725 118.8043
264.1718 102.4312
269.2773 87.04725
276.7208 73.1188
287.5446 61.69962
302.2958 55.30423
318.4781 57.52598
332.2762 67.67985
339.4049 81.66882
344.1168 96.55544
348.9755 111.6863
354.8591 126.7716
360.9427 141.2352
366.6754 155.7845
371.0389 170.9513
373.7108 187.1328
377.2675 204.1238
383.7792 220.1989
393.5427 234.3013
Passive
0
291.5438 278.4795
278.1364 273.7555
268.905 262.2159
265.4892 247.8016
265.0336 232.9209
265.0816 217.6098
264.0424 201.324
261.7569 184.4908
259.1087 168.2218
256.9506 152.2483
256.8099 135.9859
259.4337 119.4457
263.7672 102.855
269.0699 87.32166
276.6078 73.37025
287.4483 61.95877
302.1739 55.44469
318.5133 57.65213
332.3649 67.84003
339.3053 81.88534
344.0046 96.76367
348.9347 111.826
354.7723 126.9351
360.7673 142.0883
366.5199 156.8508
370.9071 172.1049
373.373 188.287
376.7809 204.8589
383.3595 220.6021
393.5092 234.9143
Passive
0
291.3515 280.8745
278.4942 275.5258
269.0045 263.6178
265.6467 249.2907
264.7966 235.0824
264.2569 219.8483
263.1525 203.3993
261.2745 186.5119
258.6572 170.1158
256.6619 153.8879
256.4377 137.0047
258.9893 120.1032
263.3701 103.2858
268.8435 87.64323
276.4432 73.63005
287.3453 62.17711
302.1606 55.73778
318.4115 57.94927
332.391 67.95637
339.3654 82.07505
343.9667 97.17481
348.8955 112.7275
354.8158 127.9531
360.8116 143.0092
366.5093 157.8475
370.9182 173.188
373.3476 189.3301
376.863 205.8533
383.556 221.7804
393.5023 236.3119
Passive
0
290.961 284.6839
278.0462 277.5303
268.3106 264.5142
264.677 249.7482
263.8499 235.5179
263.4304 220.7441
262.2704 205.5312
260.471 189.3982
258.2043 172.836
256.1767 155.8532
256.0369 138.8856
258.5183 121.5547
262.9912 103.8987
268.5932 88.01424
276.2679 73.91975
287.2164 62.3899
302.2116 56.07275
318.3383 58.08716
332.472 68.11777
339.3748 82.29671
344.3124 97.61285
349.5484 113.4988
355.3396 128.801
361.1927 143.8801
366.5906 159.0408
370.8443 175.0083
373.4292 191.3482
377.0732 207.6545
383.9691 223.0181
393.6428 237.9246
Passive
0
291.9052 291.6485
278.7692 282.2524
268.4044 266.586
264.0889 251.3069
262.7467 239.2274
261.7384 224.9863
260.146 209.2661
258.5155 193.2157
256.9205 176.205
255.4111 158.1961
255.5932 140.7532
258.0165 122.9947
262.5326 104.7739
268.2915 88.51091
276.0594 74.21999
287.115 62.58644
302.1651 56.29537
318.3682 58.21135
332.4601 68.38345
339.3516 82.56159
344.8304 98.02412
350.5619 114.1258
356.4854 129.6241
362.0525 145.0458
367.2255 161.1327
371.3318 177.8011
374.1964 194.333
378.0929 210.4532
384.8919 225.4336
393.8412 240.5126
Passive
0
295.2115 298.6874
280.1159 288.9478
270.2009 272.9973
263.9073 254.4857
261.937 240.8625
260.9427 229.7538
258.9016 214.2493
256.5395 197.2446
255.172 179.8977
254.153 161.9037
254.325 143.8032
256.731 125.2393
261.6788 106.055
267.9497 89.08952
275.8743 74.5092
287.0419 62.78408
301.9704 56.25241
318.6312 58.29798
332.2395 68.71246
339.2491 82.90498
345.2382 98.47576
351.3987 115.0007
357.4716 131.1918
362.9989 146.72
368.0365 163.2836
372.1911 180.5186
374.986 197.4119
379.0304 213.969
386.2441 228.7265
395.1304 244.164
Passive
0
299.894 305.5295
282.8089 295.8619
271.5733 279.0392
264.176 258.5484
261.4028 244.2747
259.8382 234.3147
257.6469 220.7341
255.2029 203.8471
253.209 185.0117
251.9095 166.2343
252.3046 147.0181
255.32 127.323
261.0131 107.0257
267.646 89.65164
275.6965 74.84509
286.8931 62.92284
301.8373 56.14849
318.9965 58.21369
332.1902 68.95972
339.4496 83.17252
345.5482 98.93021
351.7888 115.6875
358.2552 132.1534
364.1547 148.5169
369.5328 165.9344
373.6784 183.3778
376.5957 200.6665
380.4869 217.5941
387.6224 232.8433
396.5978 248.6451
Passive
0
302.8295 309.9301
284.7228 300.9409
272.4446 283.8316
264.9628 262.4971
261.3617 247.2625
259.5323 236.9217
256.5228 221.4206
253.7353 204.9828
251.4485 189.5248
249.9198 171.462
250.292 151.0715
253.7416 129.742
260.152 108.44
267.2631 90.38602
275.5229 75.19719
286.7876 63.06596
301.7895 56.16396
319.1285 58.23725
332.2633 69.13854
339.6533 83.43691
345.8193 99.20097
352.2231 115.8805
359.4075 133.151
366.1076 150.5755
371.6103 168.079
375.6357 186.0451
377.4695 203.7975
381.0026 221.6789
388.8746 237.0128
397.5319 252.5311
Passive
0
307.3152 314.4293
285.957 303.845
272.8436 285.338
265.6624 266.9859
261.7736 252.0538
259.2162 239.7931
256.247 225.5573
253.2555 209.9926
250.5615 193.8633
248.6349 175.6278
248.729 154.6264
252.4971 132.297
259.3712 110.0834
266.9459 91.16105
275.3367 75.53833
286.694 63.21515
301.84 56.34407
319.1653 58.36519
332.2473 69.36394
339.8029 83.65899
346.6756 99.44588
353.724 116.4922
360.6502 133.6963
366.9576 151.0758
372.8674 169.4733
377.1212 187.8163
378.6914 206.024
381.5244 224.4155
388.7699 241.0174
397.342 256.6922
Passive
0
307.4944 315.2343
286.0243 305.0381
272.8926 287.158
265.7935 269.1471
261.8194 253.8868
258.7042 240.5755
255.5662 226.4476
252.7945 210.9849
250.1603 194.4421
248.1484 176.0421
248.3314 154.9562
252.3209 132.2932
258.994 110.6713
266.61 91.77062
275.1549 75.89714
286.5522 63.36521
301.8937 56.22487
319.2422 58.56603
332.2873 69.53661
340.0333 83.86576
347.0586 99.64504
354.3676 116.3894
362.0325 133.4689
368.8185 151.2335
374.5327 169.9662
378.651 188.5951
380.1144 207.2608
382.6555 225.9348
389.6182 242.9359
398.2113 258.9709
Passive
0
306.6886 315.2654
285.0307 305.576
271.9315 287.9807
265.0053 269.9849
261.0256 253.8752
257.9196 239.7193
254.782 225.3408
251.9935 210.0024
249.6702 193.8479
247.798 175.5309
248.1642 154.4977
252.2717 132.2803
258.8043 111.1355
266.3582 92.33727
274.9693 76.27115
286.4489 63.53584
301.8672 56.1957
319.2929 58.76621
332.2795 69.71309
340.2593 84.04826
347.3656 99.78307
354.7637 116.3257
362.5773 133.2904
369.7486 151.1265
375.8576 169.9278
380.1038 189.2453
381.3346 208.1971
384.0379 227.1574
391.3811 244.4439
399.265 260.6344
Passive
0
305.6028 314.8601
284.1383 306.0057
271.23 288.6656
264.3936 270.4673
260.334 253.2294
257.1746 238.0535
254.1487 223.3195
251.6515 207.816
249.5032 191.4149
247.9622 173.187
248.5186 153.0573
252.2656 132.0625
258.5997 111.4786
266.1322 92.81418
274.8132 76.64544
286.2858 63.68068
301.8529 56.21903
319.4752 58.53916
332.4148 69.89744
340.3787 84.24593
347.7332 99.84536
355.2636 116.225
363.1495 133.1412
370.5005 151.0506
376.8318 169.8768
381.2784 189.278
382.6284 208.7069
385.5032 227.3151
392.9918 244.3295
400.3056 261.4486
Passive
0
304.4055 314.8376
282.8116 305.3872
270.2503 288.3459
263.5052 269.9411
259.778 252.2639
256.7428 236.3681
253.7487 221.5102
251.4257 206.1488
249.4434 189.2649
248.1507 171.0543
248.9238 151.5986
252.6428 131.1858
258.5558 111.518
265.9297 93.21944
274.658 76.98378
286.1649 63.86561
301.7822 56.19807
319.633 58.50333
332.5611 70.02739
340.4826 84.42966
348.0089 99.9168
355.5945 116.2193
363.3739 133.1827
370.6276 151.1031
376.8817 169.8556
381.6732 189.1474
384.1511 208.5135
387.764 227.2312
394.7309 244.4582
401.2818 261.537
Passive
0
303.5644 315.009
282.4867 305.6861
269.9945 289.0027
263.4445 270.5484
259.9456 252.7736
256.9772 236.1619
253.8667 220.7095
251.3973 205.001
249.5175 188.0294
248.459 169.8011
249.3069 150.5886
252.6249 130.9947
258.3871 111.6563
265.7184 93.5129
274.5027 77.27049
286.0645 64.04714
301.5715 56.21049
319.7628 58.51979
332.7091 70.12395
340.6342 84.56049
348.2828 99.9706
355.8212 116.2728
363.277 133.361
370.3228 151.2839
376.7493 169.8914
381.8543 189.0374
384.5715 208.3545
388.2275 227.1617
395.2639 244.6244
402.1525 261.8253
Passive
0
303.6354 315.2503
282.3042 306.1067
269.7883 289.4729
263.4372 271.1126
260.0986 253.3146
257.1553 236.6216
253.9032 220.8413
251.335 204.8123
249.4948 187.75
248.5681 169.576
249.4987 150.4651
252.7579 130.9495
258.3592 111.803
265.588 93.78912
274.357 77.54517
285.9819 64.2403
301.3197 56.19071
319.9417 58.4464
332.8149 70.23748
340.629 84.75502
348.0497 100.2577
355.4599 116.5789
362.872 133.6391
369.9483 151.4776
376.5064 169.9547
381.6062 188.9456
384.3554 208.2177
388.1538 227.1425
394.9085 244.8551
401.7317 262.2122
Passive
0
303.6419 315.5709
282.139 306.5977
269.4891 289.997
263.3455 271.6625
260.144 253.8508
257.2001 237.0429
253.8716 220.9999
251.3023 204.6966
249.5228 187.4709
248.7249 169.3754
249.7104 150.3576
252.8493 130.9287
258.304 111.9153
265.4461 94.0087
274.1985 77.7654
285.8435 64.4128
301.1134 56.16129
320.0683 58.35659
332.8954 70.35852
340.6122 84.92909
347.9962 100.4427
355.3065 116.7805
362.5868 133.8546
369.4648 151.6233
375.7158 169.9492
380.7722 188.8557
383.7003 208.1207
387.4029 227.0927
393.8949 244.9653
400.657 262.6328
Passive
0
303.85 315.8492
282.458 307.1757
269.4198 290.5373
263.3739 272.1919
260.1658 254.3611
257.1686 237.4439
253.807 221.3041
251.2881 205.0659
249.6085 187.5893
248.9045 169.2539
249.9076 150.2524
252.885 130.9165
258.2405 112.005
265.3214 94.1889
274.0606 77.97703
285.7032 64.54987
301.0152 56.20295
320.0972 58.40445
332.9976 70.39333
340.7138 85.03649
347.839 100.6568
354.9715 117.0403
362.1913 134.099
368.9234 151.7668
375.0066 169.9261
380.0377 188.7617
382.9961 208.0363
386.5931 227.0666
392.8511 245.1375
399.72 263.0185
Passive
0
304.0179 316.0989
282.6994 307.675
269.4035 291.0911
263.2966 272.731
260.0096 254.8705
256.989 237.8691
253.6928 221.4949
251.24 204.9095
249.6554 187.4482
249.0483 169.1181
250.0874 150.1541
253.0219 130.9228
258.2652 112.1137
265.2507 94.36491
273.9353 78.15479
285.5888 64.69018
300.9895 56.30241
320.0719 58.54725
332.9732 70.45878
340.7563 85.1466
347.7092 100.8428
354.5903 117.2198
361.403 134.1546
368.0257 151.7334
374.2427 169.859
379.424 188.6439
382.6444 207.9477
386.6177 227.0594
392.9465 245.3118
399.8539 263.2713
Passive
0
303.9769 316.3233
282.8681 308.1344
269.4263 291.6787
263.2045 273.2549
259.845 255.3655
256.8243 238.2573
253.6008 221.6576
251.2086 204.8365
249.647 187.3143
249.1277 168.9923
250.2502 150.0705
253.2621 130.9416
258.3975 112.2475
265.2282 94.53952
273.8309 78.31612
285.5069 64.83817
300.899 56.39973
320.1104 58.59019
332.8824 70.59267
340.6227 85.30837
347.5053 101.031
354.3409 117.4
361.2129 134.3036
367.8768 151.8069
374.2317 169.8564
379.5599 188.5858
382.809 207.8894
386.8287 227.0858
393.4168 245.3476
400.3108 263.4589
Passive
0
303.791 316.5576
283.058 308.5374
269.4722 292.245
263.1624 273.7762
259.814 255.8188
256.815 238.5902
253.5583 221.8151
251.1544 204.8087
249.6455 187.2032
249.1894 168.8758
250.4126 149.9998
253.4717 130.965
258.5167 112.3638
265.2217 94.68822
273.7563 78.46969
285.4395 64.98603
300.7715 56.45198
320.2054 58.63095
332.6508 70.82485
340.2321 85.56258
347.2775 101.219
354.2196 117.5294
361.1408 134.39
367.8501 151.8309
374.2877 169.8226
379.7025 188.5284
383.0134 207.8333
387.004 227.1074
393.5531 245.5325
400.8202 263.6889
Passive
0
303.6001 316.7861
283.2305 308.9091
269.5633 292.7706
263.2462 274.2574
259.932 256.2319
256.9119 238.8856
253.533 221.9743
251.0855 204.8093
249.6412 187.1145
249.2819 168.7675
250.5355 149.9409
253.5456 130.9663
258.5269 112.4247
265.1788 94.8014
273.6883 78.59962
285.3491 65.08671
300.6697 56.46309
320.2941 58.67081
332.6252 70.88554
340.2354 85.63581
347.2434 101.3153
354.2031 117.6102
361.169 134.4289
367.9352 151.8039
374.4531 169.7306
380.0426 188.426
383.3961 207.7639
387.1952 227.1099
393.4856 245.8186
401.2219 264.0348
Passive
0
303.4802 317.0578
283.3176 309.3264
269.6346 293.1519
263.3842 274.7075
260.1273 256.619
257.0672 239.1572
253.5346 222.1311
251.0199 204.8317
249.6392 187.0441
249.4165 168.6771
250.7656 149.8939
253.8027 131.0068
258.6904 112.5272
265.1968 94.9322
273.6237 78.71679
285.2605 65.15722
300.628 56.50544
320.2853 58.77836
332.657 70.84997
340.4662 85.59417
347.4674 101.2962
354.3691 117.6085
361.2613 134.4372
368.0966 151.8072
374.9532 169.7402
380.5097 188.3318
383.8715 207.682
387.5636 227.086
393.5638 246.0622
401.5734 264.4175
Passive
0
303.4482 317.4183
283.3851 309.6715
269.8715 293.4507
263.6953 275.1091
260.3998 256.9785
257.2309 239.4168
253.5376 222.2919
251.0033 204.8669
249.6875 186.9925
249.5648 168.6046
250.9869 149.8559
254.0583 131.046
258.8609 112.634
265.2164 95.04423
273.5682 78.80991
285.2152 65.24722
300.6269 56.57858
320.244 58.80525
332.6569 70.93897
340.4972 85.62183
347.6575 101.2813
354.6684 117.541
361.7042 134.3812
368.666 151.8138
375.1472 169.6955
380.6443 188.2748
384.1577 207.6159
387.8044 227.104
393.6577 246.3188
401.9323 264.8271
Passive
0
303.4168 317.7456
283.321 309.8722
270.0785 293.7678
263.9263 275.5011
260.5446 257.3374
257.2949 239.6928
253.5672 222.448
251.0427 204.9115
249.7531 186.9603
249.6655 168.5457
251.1024 149.8179
254.1609 131.0537
258.9153 112.6877
265.217 95.13257
273.5365 78.89137
285.1503 65.2839
300.6425 56.63123
320.2534 58.88508
332.7399 70.86889
340.7711 85.55715
347.988 101.1997
355.0163 117.4516
362.0421 134.2776
368.8533 151.7007
375.2696 169.6264
380.7291 188.2297
384.3139 207.5664
388.032 227.1367
393.9276 246.5138
402.425 265.1951
Passive
0
303.4261 318.0399
283.3267 310.1373
270.1326 294.1439
263.9951 275.8806
260.6415 257.6856
257.3801 239.9572
253.596 222.601
251.0615 204.9707
249.8213 186.9424
249.7912 168.5005
251.2536 149.7883
254.3154 131.0703
259.0079 112.7489
265.2267 95.21342
273.4951 78.94561
284.9922 65.26213
300.7239 56.54926
320.1562 58.94349
332.8233 70.84685
340.9522 85.5446
348.136 101.1957
355.1702 117.4331
362.1612 134.2444
368.9326 151.6406
375.3374 169.5659
380.8273 188.1702
384.4921 207.5197
388.2428 227.1593
394.0734 246.7695
403.0547 265.5548
Passive
0
303.4566 318.28
283.3347 310.4198
270.1297 294.4922
264.0366 276.2462
260.6955 258.0222
257.4164 240.2238
253.629 222.7631
251.1007 205.0365
249.8842 186.9397
249.9223 168.4661
251.4351 149.7658
254.4827 131.0896
259.1078 112.8057
265.2379 95.28723
273.462 79.00948
284.8632 65.21508
300.8059 56.43232
320.0192 58.93233
332.8788 70.85587
341.0386 85.57957
348.1466 101.2442
355.1217 117.4897
362.0784 134.2842
368.844 151.6441
375.3224 169.5268
380.8802 188.1111
384.6354 207.4774
388.4937 227.1866
394.4851 246.8808
403.653 265.9027
Passive
0
303.4444 318.4544
283.4267 310.7452
270.1265 294.8416
264.0273 276.5914
260.6828 258.353
257.4192 240.4926
253.6161 222.9395
251.1161 205.117
249.9574 186.9501
250.0669 168.4353
251.6206 149.7465
254.6655 131.1099
259.2129 112.855
265.2458 95.34398
273.416 79.06129
284.7043 65.18344
300.9386 56.32701
319.8318 58.79539
332.8893 70.96717
340.9131 85.69872
348.0421 101.3293
355.0065 117.5632
361.9469 134.3355
368.7249 151.6582
375.2846 169.4912
380.9398 188.0462
384.7319 207.4388
388.6869 227.2232
394.8427 247.0191
404.0593 266.2996
Passive
0
303.4474 318.6385
283.474 311.0747
270.119 295.2001
264.0343 276.9179
260.6603 258.6726
257.3745 240.7641
253.5945 223.1214
251.1308 205.2086
250.0135 186.9728
250.1829 168.4225
251.7711 149.7311
254.8164 131.1199
259.2933 112.8872
265.2506 95.3852
273.3969 79.13754
284.5883 65.14234
301.0608 56.17814
319.7648 58.74953
332.8966 71.06404
340.8553 85.76545
347.972 101.3921
354.9611 117.5975
361.9386 134.3284
368.7594 151.6089
375.3308 169.4255
380.998 187.9827
384.83 207.399
388.8428 227.2486
395.0368 247.1923
404.2919 266.7589
Passive
0
303.3705 318.8218
283.5217 311.3886
270.1395 295.507
264.0693 277.239
260.6449 258.981
257.3425 241.0275
253.6168 223.3005
251.1717 205.3078
250.0828 187.0084
250.2864 168.4186
251.9115 149.7196
254.9336 131.1212
259.3558 112.9061
265.2508 95.41408
273.3673 79.17171
284.5185 65.09177
301.1644 55.99895
319.691 58.74465
332.9072 71.06771
340.8284 85.81161
347.9013 101.4483
354.931 117.6161
362.0442 134.2658
368.9206 151.5057
375.4385 169.3367
381.0705 187.9143
384.9219 207.3602
388.9882 227.267
395.2491 247.3349
404.6677 267.0869
Passive
0
303.3938 318.9609
283.5494 311.6238
270.239 295.8308
264.1413 277.5489
260.6491 259.2776
257.3326 241.2825
253.6226 223.4853
251.2147 205.4146
250.1688 187.0514
250.4188 168.427
252.0442 149.7126
255.0176 131.1147
259.3829 112.9082
265.2529 95.42917
273.3369 79.16551
284.4557 65.05301
301.2999 55.81126
319.604 58.77245
332.9001 71.0395
340.7865 85.86167
347.819 101.4996
354.9337 117.6118
362.1856 134.1793
369.1137 151.3854
375.5885 169.2317
381.1528 187.8407
385.0605 207.3136
389.1786 227.2773
395.4277 247.448
405.0412 267.3221
Passive
0
303.4476 318.9785
283.7028 311.7982
270.3573 296.1114
264.1927 277.8464
260.665 259.5652
257.3358 241.5324
253.6359 223.673
251.2259 205.5349
250.1633 187.1102
250.3891 168.4337
251.999 149.6861
254.9809 131.0803
259.3583 112.8827
265.2387 95.42632
273.3464 79.16325
284.4662 65.03669
301.2891 55.71557
319.681 58.75544
332.9195 71.04727
340.7944 85.87525
347.8781 101.4798
355.0382 117.5525
362.3372 134.0818
369.2991 151.2631
375.7442 169.1203
381.2682 187.7593
385.1737 207.2665
389.3064 227.3019
395.6283 247.5412
405.3272 267.3103
Passive
0
303.3867 318.9574
283.9232 311.9388
270.4417 296.4019
264.222 278.1284
260.6519 259.8535
257.3212 241.7841
253.6514 223.8645
251.2256 205.666
250.1235 187.1795
250.3105 168.4446
251.8943 149.6556
254.8669 131.0277
259.2786 112.8322
265.2222 95.39525
273.3673 79.17927
284.4977 64.99289
301.2688 55.66448
319.7023 58.7235
332.9631 71.0534
340.8163 85.87339
347.9629 101.4369
355.1706 117.4721
362.4973 133.9737
369.4794 151.1368
375.9397 168.9907
381.4591 187.6546
385.3557 207.2099
389.3949 227.3087
395.5835 247.6868
405.5213 267.2997
Passive
0
303.3601 318.8979
284.0197 312.0096
270.5068 296.6301
264.2154 278.4275
260.6008 260.1408
257.2751 242.0419
253.6726 224.0592
251.2504 205.8026
250.1112 187.2548
250.2441 168.4643
251.7616 149.6358
254.6891 130.962
259.1366 112.7526
265.1862 95.34071
273.3946 79.15919
284.5165 64.96929
301.2541 55.63403
319.7211 58.6615
333.0026 71.05631
340.8409 85.86008
348.0517 101.3808
355.3041 117.3819
362.6991 133.8393
369.7195 150.982
376.1839 168.841
381.6911 187.5369
385.5156 207.1534
389.4831 227.317
395.6544 247.7387
405.6246 267.2598
Passive
0
303.3552 318.8185
284.1222 312.0629
270.5518 296.8514
264.2211 278.7069
260.574 260.4184
257.2444 242.2957
253.6675 224.2639
251.2408 205.9488
250.0725 187.3388
250.1642 168.4904
251.6584 149.6149
254.5512 130.9017
259.0356 112.6766
265.1763 95.28877
273.4257 79.12511
284.5643 64.95708
301.2598 55.60499
319.7671 58.63602
332.9909 71.06323
340.8418 85.84151
348.1321 101.3174
355.4481 117.2788
362.8636 133.7161
369.907 150.8427
376.381 168.7007
381.8638 187.4323
385.5915 207.1028
389.5428 227.322
395.8152 247.7108
405.6878 267.2289
Passive
0
303.3683 318.701
284.228 312.1073
270.599 297.0607
264.2151 278.9735
260.5388 260.6902
257.2156 242.5494
253.6447 224.4769
251.207 206.1042
250.039 187.4266
250.1203 168.5273
251.5786 149.5939
254.4476 130.8444
258.9677 112.6057
265.1736 95.22563
273.4539 79.08082
284.6 64.9296
301.2696 55.59023
319.8447 58.63749
332.9591 71.05876
340.8245 85.81749
348.1389 101.2778
355.4985 117.211
362.9807 133.6071
370.0452 150.7188
376.4724 168.5943
381.8987 187.3502
385.6242 207.0509
389.59 227.3044
395.8486 247.7105
405.6054 267.2183
Passive
0
303.3596 318.5842
284.3512 312.1519
270.676 297.2731
264.1982 279.2215
260.5152 260.953
257.2012 242.8004
253.6352 224.7003
251.1763 206.2684
249.9821 187.5243
250.0182 168.5582
251.4467 149.5679
254.3313 130.7807
258.882 112.5201
265.1609 95.15167
273.4908 79.02361
284.6124 64.87991
301.2397 55.54757
319.9685 58.69463
332.8867 71.03766
340.7883 85.79032
348.0646 101.2661
355.4508 117.1827
363.004 133.5348
370.1113 150.6163
376.5697 168.4768
381.9752 187.2523
385.6446 206.9921
389.6517 227.2788
396.0515 247.6224
405.5391 267.1492
Passive
0
303.3811 318.5042
284.4271 312.1944
270.7299 297.4627
264.2039 279.4472
260.5151 261.2026
257.1974 243.0517
253.6088 224.9333
251.0964 206.4486
249.8483 187.6333
249.8443 168.5893
251.271 149.535
254.1788 130.7029
258.8051 112.4311
265.1538 95.06594
273.5086 78.94903
284.6344 64.81751
301.1852 55.49017
319.9585 58.68923
332.8163 71.0061
340.7522 85.75208
348.0269 101.228
355.4273 117.1363
363.0234 133.459
370.1606 150.5156
376.6175 168.3697
382.0029 187.1568
385.6717 206.9235
389.6809 227.2311
396.1074 247.588
405.4647 267.0944
Passive
0
303.4109 318.4388
284.5244 312.233
270.8077 297.6405
264.2451 279.6517
260.5578 261.4376
257.2339 243.2953
253.6161 225.1665
251.028 206.6386
249.7084 187.7501
249.6672 168.6221
251.0917 149.4987
254.0276 130.6232
258.7192 112.3302
265.1474 94.97251
273.5329 78.86086
284.647 64.7459
301.1417 55.41454
319.9676 58.6939
332.7547 70.97263
340.7493 85.68739
348.0435 101.1561
355.4458 117.0628
363.0534 133.3735
370.1904 150.419
376.5955 168.2807
381.9434 187.0719
385.6206 206.8519
389.7636 227.1733
396.3269 247.4567
405.3522 267.071
Passive
0
303.3833 318.4016
284.6195 312.269
270.919 297.7576
264.3371 279.839
260.6524 261.6568
257.3117 243.531
253.6462 225.4019
250.9948 206.8347
249.6587 187.8694
249.5961 168.6581
250.9978 149.4691
253.9322 130.5552
258.6319 112.2271
265.1362 94.86103
273.5722 78.76241
284.6788 64.67716
301.1017 55.36763
319.9603 58.69701
332.7164 70.91056
340.7787 85.59535
348.1117 101.0521
355.5332 116.95
363.0877 133.2821
370.2016 150.3248
376.6007 168.1727
381.9337 186.972
385.5875 206.7668
389.8036 227.1041
396.5275 247.3213
405.3373 267.0457
Passive
0
303.3672 318.3824
284.7271 312.314
271.0728 297.9394
264.458 280.0055
260.7829 261.863
257.4236 243.7596
253.7168 225.6351
251.0349 207.0374
249.6928 187.9931
249.6236 168.6949
250.9669 149.4438
253.8279 130.4877
258.534 112.1172
265.1147 94.73798
273.5988 78.6455
284.7098 64.59032
301.0391 55.30964
319.9505 58.70003
332.6948 70.83362
340.8398 85.48192
348.22 100.9223
355.6133 116.8333
363.1457 133.1744
370.261 150.2083
376.6579 168.043
381.9643 186.846
385.5685 206.6708
389.8038 227.0256
396.6505 247.2003
405.4907 266.9755
Passive
0
303.4238 318.4129
284.8245 312.3608
271.2692 298.0669
264.6277 280.1561
260.887 262.066
257.478 244.0005
253.7679 225.8806
251.0765 207.2556
249.7574 188.1269
249.6607 168.7269
250.9624 149.4096
253.7825 130.4344
258.4923 112.0286
265.1236 94.61509
273.6116 78.5106
284.7459 64.47128
301.0023 55.26633
319.9319 58.70306
332.675 70.75268
340.9179 85.3512
348.3109 100.793
355.7042 116.7052
363.2321 133.0468
370.3537 150.0779
376.7711 167.8875
382.0373 186.6934
385.5334 206.5662
389.7958 226.9527
396.782 247.0365
405.6103 266.9844
Passive
0
303.5452 318.4207
284.9588 312.4186
271.4457 298.1724
264.7292 280.3065
260.9198 262.2748
257.4785 244.2522
253.7575 226.1502
251.0439 207.5011
249.6427 188.2838
249.523 168.743
250.8846 149.3427
253.8057 130.3979
258.5789 111.9916
265.1748 94.50344
273.587 78.34238
284.7748 64.36407
301.0305 55.22157
319.8764 58.74022
332.6461 70.64799
341.0287 85.19904
348.4037 100.6567
355.7882 116.5743
363.3295 132.9031
370.4837 149.9341
376.8906 167.734
382.0523 186.5275
385.4166 206.4537
389.9122 226.8906
397.6103 246.94
406.2552 267.0419
Passive
0
303.4254 318.4594
285.3804 312.7947
271.6028 298.3771
264.7522 280.465
260.8611 262.4932
257.3732 244.5253
253.7067 226.4413
251.0301 207.7648
249.6003 188.4586
249.4159 168.7536
250.7159 149.2289
253.571 130.3501
258.4175 111.8622
265.1609 94.32198
273.6305 78.19705
284.791 64.28251
301.2052 55.2023
319.7616 58.82415
332.5661 70.54765
341.1214 85.04559
348.4823 100.5223
355.8442 116.4544
363.4025 132.7541
370.5786 149.8034
377.0203 167.6093
382.521 186.3723
385.942 206.3523
390.5368 226.9157
398.5301 246.9272
407.1341 267.6852
Passive
0
303.2671 319.359
285.8678 313.4569
271.8751 299.527
264.765 281.655
260.7845 263.7083
257.2823 245.7905
253.6533 227.7493
250.9814 209.0489
249.562 189.6568
249.3379 169.7874
250.4835 149.9785
253.2088 130.6776
258.2295 111.7643
265.1392 94.10259
273.683 78.02944
284.8029 64.18987
301.208 55.2343
319.6268 58.89755
332.43 70.49158
341.1751 84.87756
348.659 100.3426
356.0415 116.2804
363.4449 132.5766
370.7 149.7329
377.4229 167.7067
382.9583 186.9868
386.6271 207.2479
391.3515 227.8657
399.2693 247.8049
408.1235 268.7027
Passive
0
304.6898 320.3655
286.2237 314.108
272.1729 300.671
264.8681 282.8546
260.8996 264.8742
257.3913 247.0071
253.7153 229.0553
250.9423 210.3575
249.4625 190.8808
249.1383 170.8575
250.0859 150.725
252.6748 130.9025
257.8691 111.571
265.0969 93.84904
273.7571 77.85101
284.8447 64.10168
301.177 55.26159
319.4683 58.992
332.1979 70.53043
340.9904 84.79781
348.9176 100.1064
356.6205 116.0372
364.1587 132.4054
371.4832 149.8974
378.3304 168.4031
384.039 187.7985
387.7083 208.0871
392.0872 228.9573
399.3995 249.7028
408.5159 270.4371
Passive
0
305.9965 321.2102
287.2469 315.0566
273.1166 301.8723
265.1314 284.0257
260.9974 266.0262
257.4578 248.2117
253.7513 230.4094
250.8576 211.6953
249.1633 192.1301
248.6769 171.9592
249.6099 151.4308
252.3367 130.8835
257.7313 111.336
265.1118 93.61182
273.8532 77.66669
284.8847 64.00578
301.2195 55.40559
319.313 59.03997
331.9656 70.54922
340.9186 84.62442
349.5327 99.64786
357.5936 115.759
364.9761 132.9254
372.0309 150.7702
378.9461 169.2932
384.8497 188.6466
388.8047 208.9054
393.0013 229.9327
399.4973 251.3671
408.5842 272.0935
Passive
0
307.7806 321.7408
288.5665 316.0006
273.4088 302.4776
265.1102 284.9955
261.0132 267.1696
257.4839 249.0974
253.7534 230.8841
250.7539 212.0269
248.8877 192.3917
248.2925 172.0639
249.2794 151.34
252.1654 130.704
257.7152 111.1085
265.1897 93.37325
273.9545 77.46967
284.9569 63.90661
301.1122 55.42066
319.1841 59.18326
331.6743 70.52242
340.8976 84.42165
349.8422 99.30932
358.1512 115.4518
365.5614 132.7561
372.5389 151.0344
379.3941 170.1233
385.5391 189.514
389.8621 209.7068
393.9431 230.782
399.642 252.2844
408.1575 273.3034
Passive
0
308.1026 321.4775
288.5936 316.1005
273.5356 302.5561
265.0998 285.1601
261.0262 267.3634
257.5694 249.392
253.8374 231.2173
250.7676 212.353
248.7716 192.66
248.0936 172.1821
249.12 151.2845
252.1214 130.5286
257.7874 110.8789
265.2916 93.1219
274.0593 77.26324
285.0577 63.78858
300.9095 55.40172
319.1671 59.12483
331.5535 70.43399
340.7944 84.25677
349.9414 99.05145
358.461 115.2223
365.9842 132.6721
373.0469 151.0836
379.8483 170.3471
385.8116 190.1642
390.3796 210.4206
394.8783 231.5942
400.464 252.9843
407.925 274.2507
Passive
0
308.4034 321.5489
288.4323 316.1058
273.7216 302.5596
265.1735 285.3313
261.119 267.5577
257.7217 249.6596
254.0052 231.5395
250.8484 212.6966
248.7186 192.9366
247.9085 172.3182
249.0016 151.247
252.1539 130.3437
257.8957 110.627
265.4123 92.8454
274.1649 77.03925
285.1707 63.67939
300.9344 55.39204
319.0863 59.04688
331.4694 70.30042
340.715 84.07764
349.9386 98.80552
358.6303 114.9902
366.4951 132.5311
373.8119 151.0662
380.5086 170.3966
386.3217 190.2725
390.7906 210.6402
395.4026 231.4804
401.1916 252.7504
408.4376 274.3699
Passive
0
308.0776 321.4994
288.2506 315.9872
273.8928 302.6311
265.297 285.4648
261.3026 267.7452
257.9251 249.9112
254.1912 231.8642
250.9419 213.0694
248.6844 193.2272
247.7699 172.4794
248.854 151.234
252.0373 130.1226
257.9089 110.2819
265.5286 92.51864
274.3008 76.8103
285.2073 63.5967
301.1517 55.44716
318.8314 58.89718
331.4155 70.20196
340.5401 83.94831
349.6883 98.67098
358.4447 114.824
366.5354 132.3446
373.9371 150.8948
380.5733 170.3027
386.3931 190.1836
390.8841 210.4532
395.4804 231.2152
401.1272 252.4327
408.2608 274.2173
Passive
0
306.9955 321.2299
287.9813 315.9504
273.8451 302.8191
265.7707 285.4957
261.7128 267.9092
258.3171 250.1241
254.5452 232.1286
251.1543 213.5024
248.6531 193.5128
247.6162 172.6687
248.7688 151.2434
252.1085 129.9062
258.059 109.9449
265.7012 92.18391
274.4269 76.55663
285.2794 63.49593
301.184 55.5662
318.6101 59.01385
331.2556 70.10516
340.4884 83.73392
349.5756 98.408
358.3947 114.5618
366.6811 132.1319
374.0866 150.6827
380.5314 170.233
386.0684 190.0808
390.7657 210.2588
395.5103 230.9689
401.1365 252.0976
408.3736 273.7399
Passive
0
303.9783 320.5137
287.4059 315.9814
273.4098 302.8117
265.6012 285.6203
261.6573 268.1185
258.0669 250.2582
254.1046 232.0777
250.6483 213.348
248.4572 193.6828
247.6402 172.931
248.8148 151.3012
252.1756 129.6681
258.1792 109.5351
265.8658 91.80027
274.5542 76.29099
285.3948 63.39171
301.2041 55.74081
318.3593 58.97226
331.2479 69.99615
340.2829 83.59773
349.3015 98.2199
358.0129 114.3317
366.1353 131.935
373.5031 150.2324
379.863 169.2727
385.2657 188.9701
389.8003 209.0137
394.6175 229.7567
401.2225 250.698
410.0822 272.1507
Passive
0
303.6166 320.2695
286.6308 315.9308
272.9261 302.7392
265.2038 285.8582
261.138 268.3039
257.4937 250.4656
253.5717 232.4135
250.279 213.7144
248.1866 194.0453
247.4049 173.2569
248.5278 151.3783
251.9868 129.3147
258.2535 109.0198
266.0558 91.38074
274.7355 76.06326
285.526 63.28093
301.3366 55.99612
318.054 59.38862
330.8257 69.9957
339.9578 83.54351
348.6534 98.22976
357.2483 114.1189
365.7567 131.166
373.2679 149.0186
379.2601 168.0806
384.4781 188.007
389.235 208.3358
394.5111 228.6806
401.5826 249.0993
410.1781 270.5532
Passive
0
303.1202 319.9844
286.7078 315.8066
272.9494 303.0211
265.3225 286.0292
261.2212 268.5374
257.4801 250.7436
253.4761 232.8443
250.0657 214.0914
247.9284 194.4131
247.1166 173.6503
248.2458 151.5261
251.8077 128.918
258.293 108.3864
266.2097 90.90081
274.9108 75.83121
285.6389 63.19204
301.4033 55.94121
317.8806 59.37019
330.4592 70.11416
339.3054 83.6154
348.3953 98.01292
357.3206 113.6227
365.6034 130.5757
373.0363 148.7368
379.3716 167.8898
384.7966 187.8531
389.3335 208.2737
394.6306 228.4224
401.7624 248.4976
408.5636 270.1619
Passive
0
303.9296 319.5647
286.6083 315.6238
273.0198 303.2589
265.2786 286.1894
261.1873 268.6564
257.3714 250.7237
253.3357 232.3942
249.8534 213.4231
247.7659 193.7538
246.9987 173.1358
248.209 150.8564
252.0746 128.4632
258.618 107.748
266.4384 90.44201
275.0502 75.59412
285.7443 63.11086
301.3465 55.72232
317.8734 59.28735
330.0804 70.13939
338.7479 83.62374
348.0362 97.86703
357.1522 113.3847
365.4897 130.3701
372.9694 148.5807
379.355 167.7297
384.7559 187.7311
389.2721 208.3623
394.4567 228.1839
401.1116 247.9905
408.0994 269.5283
Passive
0
302.6682 318.6409
285.908 314.7069
272.6006 302.2133
264.5588 284.397
260.7262 266.938
257.2178 249.1051
253.3223 230.7521
249.7569 211.7422
247.6438 191.9171
246.8857 171.024
248.4251 148.8067
252.828 126.2416
259.1933 106.737
266.7021 90.07562
275.2218 75.40256
285.8937 63.03856
301.321 55.52173
317.8225 59.30993
329.9047 69.91437
338.551 83.39615
347.906 97.56227
357.0949 113.0751
365.3174 130.1788
372.6727 148.5294
378.9516 167.7335
384.092 187.5402
388.1451 208.1071
393.2184 227.9219
400.6235 246.9598
407.3055 268.4233
Passive
0
299.7982 315.8767
283.9681 311.321
270.7445 299.0337
263.4527 281.1612
259.8286 263.3853
256.4662 245.4288
252.7147 227.0658
249.4963 208.0707
247.52 188.2642
246.8276 167.6052
248.691 146.2443
253.5222 124.8369
259.7884 106.1116
267.002 89.73209
275.3754 75.2002
286.0269 62.96953
301.5573 55.60459
317.5061 58.98761
330.0825 69.52925
338.3607 83.15045
347.7424 97.2597
356.9434 112.7906
365.0749 130.0107
372.3085 148.515
378.3916 167.8939
383.1691 187.2758
386.9118 207.4261
391.9182 227.0211
399.5473 246.0509
406.7523 266.5692
Passive
0
298.3517 313.3451
281.9561 307.7277
268.9139 294.8074
262.3507 277.3513
259.1259 259.6619
256 241.7408
252.6287 223.3923
249.5563 204.3805
247.4703 184.6622
246.71 163.921
248.8491 142.8337
253.8776 123.6133
260.3635 105.5139
267.3613 89.37837
275.5262 75.02101
286.109 62.85079
301.5896 55.66602
317.3168 58.76785
330.2737 69.04947
338.6051 82.61761
347.6371 96.9075
356.4735 112.6428
364.5101 130.0112
371.7994 148.3635
377.8811 167.4181
382.4264 186.6806
385.4736 205.9127
390.1929 224.8983
397.2295 243.9178
403.5684 263.3335
Passive
0
296.3402 310.2056
280.0954 304.0935
267.7057 290.872
261.4178 273.4733
258.5419 255.9384
255.7085 238.1252
252.576 219.7969
249.5245 200.6538
247.4057 181.0951
246.7003 160.4463
249.5632 139.1315
255.2161 120.9393
261.2358 104.6326
267.7 89.1074
275.6361 74.81722
286.0972 62.65791
301.5774 55.43699
317.3482 58.38493
330.3783 68.64913
338.6644 82.21986
347.6353 96.46432
356.2102 112.3243
363.8244 130.145
370.7651 148.521
376.9868 166.8067
381.9374 185.5134
385.0679 204.1414
389.4177 222.5517
395.8165 241.1003
402.0759 259.9751
Passive
0
295.1063 307.4627
278.1686 300.1602
266.5298 286.8781
261.4936 269.7505
258.5938 252.182
255.6783 234.6101
252.708 216.4679
250.0848 197.8196
248.0605 178.5873
247.012 158.2638
249.5757 137.9782
255.3222 120.6935
261.6952 104.2737
267.9937 88.81254
275.7511 74.62309
286.14 62.48924
301.2166 55.02013
317.6371 57.86992
330.4198 68.30023
338.6088 81.88751
347.5827 96.06836
356.0613 111.7408
363.3979 129.2242
370.1978 147.7937
376.4268 165.8171
381.3967 183.7086
384.5776 202.1968
388.5446 220.2997
394.3147 238.1827
400.7122 256.8817
Passive
0
294.1358 304.5648
277.8633 297.1003
266.2052 283.281
261.146 266.0946
258.5559 249.3058
255.8667 231.9962
252.8557 213.7012
250.2592 195.0981
248.4545 176.2168
247.4043 156.7476
249.9306 136.7732
256.0378 119.2797
262.2812 103.6608
268.2566 88.58593
275.87 74.43481
286.2594 62.36778
301.1064 54.80696
317.7729 57.44651
330.4841 67.91562
338.7333 81.439
347.53 95.66899
355.8359 111.3582
363.1199 128.7453
369.9238 147.1758
375.917 165.0392
380.6499 182.4862
384.1087 200.3729
388.0092 218.1725
393.7216 235.8199
400.8106 253.7419
Passive
0
293.731 301.4884
277.9402 294.131
265.4586 280.2041
260.6718 263.0809
258.5638 246.6414
256.3383 229.6246
253.8186 211.8298
251.2712 193.3958
249.1943 174.4032
247.8903 155.3709
250.0821 136.0961
256.079 118.9897
262.3889 103.3983
268.3591 88.32809
275.9386 74.22556
286.3698 62.17725
300.9232 54.70959
317.901 56.9988
330.4807 67.54661
338.6801 81.1067
347.2329 95.42176
355.2845 111.1315
362.4774 128.4024
369.522 146.6341
375.8214 164.1792
380.6557 181.2457
383.885 198.4675
387.4958 215.999
393.2738 233.7278
400.9339 251.4604
Passive
0
293.7076 299.3615
277.2982 291.118
264.9726 277.1263
260.6603 260.951
258.9104 245.0426
257.1626 228.0145
255.0316 210.118
252.4974 191.8886
250.0645 173.353
248.6988 154.799
250.5122 135.7602
256.1538 118.6959
262.3608 103.1217
268.3937 88.06702
276.0475 74.02792
286.4556 62.06488
300.8683 54.68242
317.821 56.8987
330.3109 67.16449
338.4722 80.91209
346.4622 95.49085
354.1736 111.1486
361.5233 128.0987
368.7378 145.9736
375.0331 163.2308
379.7873 180.1744
382.8109 197.3248
386.1996 214.7379
392.1713 232.3241
400.9121 249.541
Passive
0
292.8558 297.2176
277.4434 289.0032
265.5313 274.3513
261.4885 259.1618
259.8139 243.5533
258.0257 226.4673
255.5449 208.2721
253.1524 190.2461
250.8731 172.3756
249.5072 154.2598
251.0179 135.4606
256.3706 118.4708
262.4429 102.9094
268.4839 87.85117
276.1551 73.8214
286.597 61.98373
300.7796 54.68285
317.6755 56.80824
330.1901 66.93919
338.2113 80.74059
345.8169 95.44746
353.2628 111.0955
360.6395 127.8084
367.8144 145.3777
373.8218 162.4361
378.335 179.1937
381.4318 196.1883
384.864 213.508
391.0093 230.9754
399.9993 247.4888
Passive
0
292.3456 293.6835
278.0893 286.7241
265.8811 272.877
261.9662 257.7523
260.4423 241.9797
258.9131 225.0961
256.3236 207.2637
253.4936 189.3628
251.4622 171.5834
250.4147 153.6558
251.7809 135.2967
256.6092 118.2694
262.4261 102.6859
268.5172 87.62959
276.255 73.61113
286.7176 61.82872
300.7197 54.58502
317.4926 56.72842
330.0624 66.74496
337.9387 80.56099
345.1748 95.37949
352.4296 111.0441
359.9334 127.5772
366.9217 144.7683
372.8204 161.539
377.2224 178.1467
380.0776 195.0155
383.6621 212.321
390.1139 229.6231
398.7512 245.8092
Passive
0
291.7045 291.2411
277.9032 284.6957
265.9099 271.8955
262.038 256.3781
260.5444 240.3427
259.2019 223.6729
257.0788 206.4253
254.1551 188.4986
252.0541 170.7589
250.9877 153.0731
252.2063 134.944
256.7781 118.0433
262.4911 102.5268
268.5939 87.44962
276.3757 73.40929
286.8529 61.65499
300.7007 54.4595
317.3171 56.68896
329.8633 66.54309
337.7416 80.33938
344.6333 95.24562
351.6938 110.8859
358.9901 127.1765
365.9012 144.1169
371.6801 160.6852
375.98 177.1015
378.8318 193.8111
382.7174 210.8928
389.1426 227.6807
396.9904 243.9918
Passive
0
292.2913 289.5978
277.8391 283.2129
265.9272 270.4734
261.9867 254.797
260.779 238.6372
259.8756 221.9701
257.7864 204.908
254.8181 187.4791
252.8802 169.86
251.9963 152.4226
253.0175 134.6767
257.1359 117.9722
262.6351 102.4242
268.7032 87.30423
276.4915 73.21255
287.0396 61.467
300.6977 54.33662
317.1168 56.58404
329.7557 66.2749
337.6028 80.11227
343.9383 95.12007
350.4119 110.6977
357.7529 126.8803
364.713 143.5183
370.5656 159.7934
374.911 176.0173
377.4761 192.5729
381.682 209.6392
388.1729 225.767
395.3061 241.8445
Passive
0
291.1126 287.0119
277.0116 280.4981
265.8673 268.3869
261.8438 253.0637
261.0475 236.9068
260.8177 220.2628
258.3412 203.1128
254.7101 185.7336
252.7048 168.7886
252.0366 151.82
253.2138 134.3477
257.3328 117.8638
262.813 102.3592
268.8023 87.17789
276.5526 72.99084
287.1451 61.2058
300.769 54.14003
316.9412 56.44457
329.6532 66.0173
337.3408 79.94781
343.36 95.04053
349.5237 110.5806
356.7646 126.6441
363.6904 142.8104
369.5216 158.8584
373.883 174.9592
376.4418 191.2001
380.6993 207.6591
387.0554 223.7672
393.8768 239.7017
Passive
0
291.9424 284.7012
276.8039 278.5829
265.541 266.7742
261.4897 251.3158
261.0529 235.171
260.9935 218.525
258.5897 201.5345
255.2296 184.5523
253.1058 167.9391
252.0756 151.2165
253.2177 134.0251
257.3451 117.7271
262.8893 102.2874
268.8446 87.0437
276.5189 72.72913
287.184 60.85138
300.9642 53.84981
316.7751 56.28292
329.5359 65.69694
337.3467 79.68086
342.8694 95.00035
348.5791 110.4129
355.4856 125.8124
362.5842 141.9352
368.4933 157.9303
372.9085 173.8919
375.6876 190.048
379.741 206.2747
385.7462 222.0338
392.8215 237.5102
Passive
0
291.5823 282.7567
276.2139 276.6417
265.2026 265.0055
261.0137 249.6592
260.9732 233.3969
261.1226 216.7658
258.7945 199.8279
255.8747 183.4277
253.7769 167.104
252.429 150.5801
253.2025 133.7076
257.2512 117.6158
262.9625 102.2395
268.8281 86.90652
276.3404 72.40773
287.1066 60.38994
301.1568 53.30203
316.7256 55.84479
329.5666 65.29797
337.4982 79.37102
342.7507 94.87789
348.2431 110.3455
354.9727 125.524
361.7182 141.1656
367.6602 156.9051
372.1456 172.7798
375.1034 188.9305
378.8505 204.9635
384.473 220.2573
391.896 235.1086
Passive
0
290.85 281.025
275.4484 275.2697
264.155 263.6359
260.3239 247.9838
261.1564 231.5481
261.4432 215.0954
259.535 198.7684
256.7221 182.5517
254.5894 166.2293
252.8039 149.8681
252.9542 133.4391
257.0421 117.5352
263.0244 102.1991
268.6531 86.73005
275.9016 71.99133
286.6417 59.61377
301.0939 52.03051
316.9285 54.88926
330.0786 64.63135
337.902 79.02521
342.5154 94.81603
347.7793 110.3904
354.8508 125.2546
361.5302 140.2939
367.0992 155.781
371.53 171.6254
374.3863 187.8327
377.7664 203.9395
383.2872 219.3978
391.6875 233.55
Passive
