1
50.00
2
83
462.8073 171.531
452.0957 183.8494
436.5638 210.6286
412.9982 227.2316
390.5037 233.6586
384.6123 249.7261
357.2976 272.2203
347.6571 300.0706
378.4779 351.204
359.5635 366.8891
348.1927 385.2282
333.1964 379.8724
300.5258 364.8761
289.2786 357.378
279.6381 357.378
259.286 345.5951
259.286 338.6326
225.5443 321.4939
218.5818 327.3853
218.5818 343.9884
207.3345 350.4154
205.1922 346.6663
199.8364 349.3442
205.1922 370.2319
212.6903 371.8387
226.0799 397.5466
238.9339 409.3294
260.3784 406.5631
268.2209 422.2482
271.4502 449.0052
246.9999 464.6903
234.5441 456.8477
197.1766 445.7759
193.0247 436.088
178.9486 418.4343
180.5554 406.6515
147.3493 406.116
138.2444 397.011
129.1395 388.9773
135.5665 381.4791
132.353 373.981
135.5665 360.0559
118.9634 319.3516
112.5364 297.3927
124.3192 286.6811
122.7125 257.2241
131.2818 266.329
134.4953 255.0819
122.1769 241.1568
120.0346 227.2316
77.18803 195.0967
69.15424 189.2053
73.97453 181.1715
64.86964 180.1004
55.76473 170.9955
67.01193 171.531
54.15797 154.928
44.51749 154.928
38.09049 144.2163
19.8807 131.3624
24.70094 115.8305
16.13163 112.617
15.06046 100.2986
35.94817 110.4746
42.37515 127.6133
72.36774 151.1789
75.58124 139.9317
85.75734 153.8568
106.645 157.6059
106.645 163.4973
114.1432 170.9955
130.7462 165.6396
166.0947 190.812
208.4057 199.3813
233.0425 204.2016
250.7167 216.52
279.6381 224.5537
321.4136 220.8046
362.1178 202.0592
387.2902 179.5648
396.9307 164.5685
415.6761 143.1452
421.0319 122.793
Passive
2
462.8073 171.531
421.0319 122.793
Motion
-245.0 205.0
